stu;nb_polys;nb_smu;area;soil;soil90;text1;text2;slope1;slope2;aglim1;aglim2;mat1;mat2;zmin;zmax;use1;use2;dt;td1;td2;roo;il;wr;wm1;wm2;wm3;cfl
"320199;1;1;1.1920792625;\"Jeg\";\"\";2;4;1;0;1;21;\"110\";\"\";0;200;1;2;5;0;5;1;2;3;1;1;2;\"H\""
"320200;1;1;0.340594075;\"Je\";\"\";2;4;1;0;1;21;\"110\";\"\";0;200;1;2;4;1;0;1;1;2;1;1;2;\"M\""
"320201;1;1;0.08514851875;\"Bef\";\"\";2;9;1;0;1;21;\"110\";\"\";0;200;1;2;5;1;0;1;1;4;1;1;2;\"M\""
"320202;1;1;0.08514851875;\"B\";\"\";3;4;1;0;1;21;\"110\";\"\";1;200;1;2;5;3;2;1;1;1;1;4;2;\"H\""
"320219;1;1;73.6157824;\"Ql\";\"\";1;0;2;1;1;1;\"454\";\"451\";300;450;3;5;5;1;1;1;1;4;2;0;0;\"L\""
"320220;1;1;4.6009864;\"Lo\";\"\";1;2;2;1;1;1;\"454\";\"451\";300;450;3;5;5;2;2;1;1;4;2;0;0;\"M\""
"320221;1;1;4.6009864;\"Ph\";\"\";1;0;3;2;1;3;\"454\";\"451\";300;450;3;5;3;1;9;3;1;3;2;0;0;\"L\""
"320222;1;1;4.6009864;\"I\";\"\";0;0;3;2;3;1;\"454\";\"451\";300;450;3;5;0;9;9;3;1;0;2;0;0;\"H\""
"320223;1;1;4.6009864;\"Je\";\"\";2;1;1;0;1;1;\"454\";\"451\";300;450;3;5;3;2;2;1;0;4;1;1;2;\"H\""
"320250;1;1;1.4393106;\"Lo\";\"\";3;0;2;0;1;1;\"521\";\"510\";50;150;3;1;5;2;3;1;1;3;2;0;0;\"H\""
"320251;1;1;0.4797702;\"Je\";\"\";3;0;1;0;1;1;\"510\";\"\";50;150;3;1;5;2;3;2;1;3;1;1;2;\"H\""
"320252;1;1;0.35982765;\"Bec\";\"\";3;0;3;2;3;2;\"510\";\"218\";50;150;3;1;3;2;3;2;2;3;1;1;2;\"H\""
"320290;3;1;3.7256888;\"Lgs\";\"\";4;3;1;2;1;21;\"513\";\"312\";250;400;1;3;4;3;0;2;2;4;1;1;2;\"M\""
"320291;3;1;0.23285555;\"Lo\";\"\";3;0;1;2;1;1;\"513\";\"312\";250;400;3;1;4;3;0;2;1;4;2;0;0;\"H\""
"320292;3;1;0.23285555;\"Be\";\"\";3;2;2;3;2;1;\"513\";\"312\";250;400;3;1;3;3;0;2;1;3;2;0;0;\"H\""
"320293;3;1;0.23285555;\"I\";\"\";0;0;3;0;3;1;\"312\";\"\";250;400;3;0;2;9;0;0;1;0;2;0;0;\"H\""
"320294;3;1;0.23285555;\"Ge\";\"\";3;0;1;0;1;21;\"513\";\"\";250;400;3;0;5;3;0;2;2;4;1;1;2;\"M\""
"320295;5;1;90.6972996;\"Dd\";\"\";2;0;1;0;1;1;\"523\";\"\";25;75;3;1;5;2;0;1;1;1;2;0;0;\"H\""
"320296;5;1;79.36013715;\"Lo\";\"\";2;0;1;0;1;1;\"523\";\"\";25;75;3;1;5;2;0;1;1;1;2;0;0;\"H\""
"320297;5;1;45.3486498;\"Dgs\";\"\";2;0;1;2;1;21;\"523\";\"\";25;75;1;3;4;2;4;1;2;2;2;0;0;\"H\""
"320298;5;1;6.80229747;\"Ql\";\"\";1;2;2;3;1;1;\"412\";\"\";25;75;3;1;2;1;0;1;1;1;2;0;0;\"H\""
"320299;5;1;4.53486498;\"Gd\";\"\";2;3;1;0;1;21;\"523\";\"\";25;75;1;2;5;2;4;1;3;2;1;1;2;\"H\""
"320327;7;1;405.432279;\"Jeg\";\"\";3;4;1;0;1;21;\"110\";\"\";1;200;1;2;4;4;5;1;2;3;1;1;2;\"H\""
"320328;7;1;115.837794;\"Je\";\"\";3;4;1;0;1;21;\"110\";\"\";1;200;1;2;5;3;2;1;1;2;1;1;2;\"M\""
"320329;7;1;28.9594485;\"B\";\"\";3;4;1;0;1;21;\"110\";\"\";1;200;1;2;5;3;2;1;1;1;1;4;2;\"H\""
"320330;7;1;28.9594485;\"O\";\"\";9;9;1;0;1;21;\"910\";\"\";1;200;1;2;5;9;9;1;1;4;1;1;2;\"M\""
"320331;2;1;20.74022;\"I\";\"\";2;0;3;2;4;3;\"740\";\"743\";140;340;1;5;1;9;9;2;1;1;2;0;0;\"H\""
"320332;1;1;0.11994255;\"E\";\"\";3;0;2;0;1;1;\"218\";\"521\";100;200;1;4;5;0;0;3;3;1;1;1;3;\"M\""
"330327;26;1;2780.76150906;\"Je\";\"\";2;4;1;0;1;1;\"110\";\"\";-999;-999;1;2;5;0;0;1;1;1;2;0;0;\"L\""
"330328;26;1;308.973501006;\"Ge\";\"\";2;4;1;0;1;1;\"110\";\"\";-999;-999;1;2;5;0;0;1;2;2;1;0;0;\"L\""
"330329;16;1;1261.314985;\"Je\";\"\";3;4;1;0;1;1;\"110\";\"\";-999;-999;1;2;5;0;0;1;1;1;2;0;0;\"L\""
"330330;16;1;540.563565;\"Ge\";\"\";4;5;1;0;1;1;\"110\";\"\";-999;-999;1;2;5;0;0;1;2;3;1;0;0;\"L\""
"330331;8;1;1772.0069276;\"Je\";\"\";2;4;1;0;1;1;\"110\";\"120\";-999;-999;1;2;5;0;0;1;1;1;2;0;0;\"L\""
"330332;8;1;506.2876936;\"Gm\";\"\";4;5;1;0;1;1;\"110\";\"\";-999;-999;1;2;5;0;0;1;2;3;1;0;0;\"L\""
"330333;8;1;253.1438468;\"Od\";\"\";9;0;1;0;1;1;\"110\";\"\";-999;-999;1;2;0;0;0;1;2;4;1;0;0;\"L\""
"330334;3;1;122.24917495;\"Je\";\"\";3;4;1;0;1;1;\"110\";\"\";-999;-999;1;2;5;0;0;1;1;1;2;0;0;\"L\""
"330335;3;1;52.39250355;\"Oe\";\"\";9;0;1;0;1;1;\"110\";\"\";-999;-999;1;2;0;0;0;1;2;4;0;0;0;\"L\""
"330336;6;1;714.5844;\"Je\";\"\";1;2;1;0;1;1;\"110\";\"\";-999;-999;1;2;3;0;4;1;1;1;2;0;0;\"L\""
"330337;6;1;428.75064;\"Be\";\"\";2;0;1;0;3;1;\"112\";\"\";-999;-999;1;2;5;0;0;1;1;1;2;0;0;\"L\""
"330338;6;1;285.83376;\"Jeg\";\"\";2;4;1;0;1;1;\"110\";\"\";-999;-999;1;2;3;4;0;1;2;2;2;0;0;\"L\""
"330339;10;1;1031.7382907;\"Je\";\"\";2;1;1;0;1;1;\"110\";\"\";-999;-999;1;2;5;0;0;1;1;1;2;0;0;\"L\""
"330340;10;1;257.934572675;\"Jeg\";\"\";2;4;0;0;1;1;\"110\";\"\";-999;-999;1;2;5;0;0;1;2;2;1;0;0;\"L\""
"330341;3;1;680.3584704;\"Je\";\"\";2;1;1;0;1;1;\"110\";\"\";-999;-999;1;2;5;0;0;1;2;2;1;0;0;\"L\""
"330342;3;1;291.5822016;\"Jd\";\"\";1;2;1;0;1;1;\"110\";\"\";-999;-999;1;2;5;0;0;1;1;1;2;0;0;\"L\""
"330343;33;1;5509.1296919;\"Jeg\";\"\";2;4;1;0;22;1;\"110\";\"\";-999;-999;1;2;5;0;0;3;2;2;1;0;0;\"L\""
"330344;33;1;612.125521322;\"Ge\";\"\";3;5;1;0;22;1;\"110\";\"\";-999;-999;1;2;5;0;0;3;2;3;0;0;0;\"L\""
"330347;13;1;207.732948125;\"Je\";\"\";4;0;1;0;7;1;\"120\";\"\";-999;-999;1;2;5;0;0;1;2;3;2;0;0;\"M\""
"330348;45;1;5048.00517063;\"Jc\";\"\";2;3;1;0;1;1;\"110\";\"\";-999;-999;1;3;5;0;0;1;1;1;2;0;0;\"L\""
"330349;45;1;560.889463403;\"G\";\"\";2;4;1;0;1;1;\"110\";\"\";-999;-999;1;3;5;0;0;1;2;3;1;0;0;\"L\""
"330350;36;1;6970.72720453;\"Jc\";\"\";1;2;1;0;1;1;\"110\";\"\";-999;-999;1;3;5;0;0;1;1;1;2;0;0;\"L\""
"330351;36;1;1991.63634415;\"Gc\";\"\";2;4;1;0;1;1;\"110\";\"\";-999;-999;1;3;5;0;0;1;2;3;1;0;0;\"L\""
"330352;36;1;995.818172075;\"Oe\";\"\";9;0;1;0;1;1;\"110\";\"\";-999;-999;1;3;0;0;0;1;2;4;0;0;0;\"L\""
"330353;14;1;2724.37552516;\"Jcf\";\"\";2;0;1;0;1;1;\"110\";\"\";-999;-999;1;3;5;0;0;1;1;1;1;0;0;\"L\""
"330354;14;1;1634.62531509;\"Jc\";\"\";2;0;1;0;1;1;\"110\";\"\";-999;-999;1;3;5;0;0;1;1;1;1;0;0;\"L\""
"330355;14;1;1089.75021006;\"Jeg\";\"\";3;4;1;0;1;1;\"110\";\"\";-999;-999;1;3;5;0;0;1;3;2;1;0;0;\"L\""
"330356;2;1;131.4146232;\"Jc\";\"\";2;1;1;0;1;1;\"120\";\"\";-999;-999;1;0;3;1;0;1;1;1;1;0;0;\"L\""
"330357;2;1;14.6016248;\"Gc\";\"\";2;0;1;0;1;1;\"120\";\"\";-999;-999;1;0;5;0;0;1;1;3;1;0;0;\"L\""
"330358;1;1;1311.956736;\"Jcg\";\"\";3;0;1;0;7;1;\"110\";\"\";-999;-999;1;3;2;4;0;1;2;2;1;0;0;\"L\""
"330359;33;1;1099.7196333;\"Jd\";\"\";1;2;1;0;1;1;\"110\";\"\";-999;-999;1;3;5;0;0;1;1;1;2;0;0;\"L\""
"330360;1;1;187.883192;\"Jd\";\"\";2;3;1;0;1;1;\"110\";\"\";-999;-999;1;3;5;0;0;1;1;1;2;0;0;\"L\""
"330361;1;1;53.680912;\"Gd\";\"\";2;4;0;0;1;1;\"110\";\"\";-999;-999;1;3;5;0;0;1;2;3;2;0;0;\"L\""
"330362;1;1;26.840456;\"Od\";\"\";9;0;1;0;1;1;\"110\";\"\";-999;-999;1;3;0;0;0;1;2;4;2;0;0;\"L\""
"330363;24;1;1274.80780388;\"Ge\";\"\";3;4;1;0;7;1;\"110\";\"120\";-999;-999;1;2;5;0;0;1;2;3;1;0;0;\"H\""
"330364;2;1;56.6738345625;\"Gev\";\"\";4;5;1;0;1;1;\"110\";\"\";0;75;1;2;5;0;0;1;3;3;2;0;0;\"H\""
"330365;1;1;10.408843;\"Gd\";\"\";3;4;1;0;1;1;\"113\";\"\";-999;-999;0;0;5;0;0;1;4;3;1;0;0;\"H\""
"330366;1;1;10.408843;\"Od\";\"\";9;0;1;0;1;1;\"910\";\"\";-999;-999;0;0;0;0;0;1;2;4;1;0;0;\"H\""
"330367;7;1;1106.3769402;\"D\";\"\";3;2;1;0;1;1;\"511\";\"\";-999;-999;3;1;5;0;0;1;2;2;1;0;0;\"H\""
"330368;7;1;316.1076972;\"Ge\";\"\";3;2;1;0;1;1;\"511\";\"\";-999;-999;3;1;5;0;0;1;2;2;1;0;0;\"H\""
"330369;7;1;158.0538486;\"Bd\";\"\";2;0;2;0;1;1;\"112\";\"\";-999;-999;3;1;5;0;0;1;1;1;2;0;0;\"H\""
"330370;13;1;544.743451;\"Gh\";\"\";4;2;1;0;1;1;\"110\";\"\";0;75;1;2;5;0;0;1;2;3;1;0;0;\"H\""
"330371;13;1;233.461479;\"Oe\";\"\";9;0;1;0;1;1;\"910\";\"\";0;75;1;2;0;0;0;1;2;4;1;0;0;\"H\""
"330372;7;1;864.6595874;\"Re\";\"\";2;4;1;2;1;1;\"311\";\"\";0;500;4;0;5;0;0;3;1;1;2;0;0;\"H\""
"330373;7;1;370.5683946;\"Ie\";\"\";2;0;2;3;3;1;\"311\";\"\";0;500;4;0;5;0;0;4;1;1;2;0;0;\"H\""
"330374;37;1;598.908211344;\"Re\";\"\";1;0;1;2;1;1;\"441\";\"\";0;25;4;6;5;0;0;1;1;1;2;0;0;\"M\""
"330375;9;1;1364.04536613;\"Rd\";\"\";1;0;1;2;1;1;\"442\";\"\";0;100;4;5;5;0;0;1;1;1;2;0;0;\"H\""
"330376;29;1;1868.07861704;\"Ie\";\"\";2;4;1;2;3;1;\"212\";\"\";0;500;5;3;5;0;0;4;1;1;2;0;0;\"H\""
"330377;29;1;800.605121587;\"Bc\";\"\";4;0;1;0;4;3;\"212\";\"\";0;500;5;3;5;0;0;3;1;1;2;0;0;\"H\""
"330378;10;1;608.289863;\"Ie\";\"\";2;4;2;3;3;1;\"212\";\"\";0;500;5;3;5;0;0;4;1;1;2;0;0;\"H\""
"330379;10;1;364.9739178;\"Be\";\"\";4;0;1;2;3;1;\"212\";\"\";0;500;5;3;1;5;0;2;1;1;2;0;0;\"H\""
"330380;10;1;121.6579726;\"Bc\";\"\";4;0;1;0;3;1;\"212\";\"\";0;500;5;3;1;5;0;2;1;1;2;0;0;\"H\""
"330381;10;1;121.6579726;\"Bk\";\"\";4;0;2;3;3;1;\"212\";\"\";0;500;5;3;5;0;0;3;1;1;2;0;0;\"H\""
"330382;22;1;2387.62005492;\"Ic\";\"\";2;4;2;3;3;1;\"451\";\"217\";500;1000;5;3;5;0;0;4;1;1;2;0;0;\"M\""
"330383;22;1;682.17715855;\"Bk\";\"\";4;0;2;3;4;3;\"217\";\"451\";500;1000;5;3;5;0;0;3;1;1;2;0;0;\"M\""
"330384;22;1;341.088579275;\"Bc\";\"\";4;0;1;0;3;1;\"217\";\"451\";500;1000;5;3;5;0;0;2;1;1;2;0;0;\"M\""
"330385;8;1;1296.95806825;\"Ic\";\"\";2;4;1;2;3;1;\"212\";\"\";300;1000;5;3;5;0;0;4;1;1;2;0;0;\"H\""
"330386;8;1;1296.95806825;\"Bec\";\"\";4;0;1;0;3;1;\"212\";\"\";300;1000;5;3;5;0;0;3;1;1;2;0;0;\"H\""
"330387;4;1;285.9059175;\"Ic\";\"\";2;0;2;3;3;1;\"212\";\"131\";0;500;5;3;5;0;0;4;1;1;2;0;0;\"L\""
"330388;4;1;122.5311075;\"Bd\";\"\";2;0;2;3;3;1;\"131\";\"212\";0;500;5;3;5;0;0;2;1;1;2;0;0;\"L\""
"330389;3;1;130.638394;\"Ic\";\"\";2;0;2;3;3;1;\"212\";\"131\";0;500;5;3;5;0;0;4;1;1;2;0;0;\"L\""
"330390;3;1;78.3830364;\"Bd\";\"\";2;0;1;2;3;1;\"131\";\"212\";0;500;5;3;5;0;0;2;1;1;2;0;0;\"L\""
"330391;3;1;52.2553576;\"Bk\";\"\";2;0;1;2;3;1;\"212\";\"131\";0;500;5;3;5;0;0;3;1;1;2;0;0;\"L\""
"330392;18;1;552.8470941;\"Ic\";\"\";1;4;3;0;3;1;\"212\";\"\";2800;4800;5;1;5;0;0;4;1;1;2;0;0;\"M\""
"330393;18;1;236.9344689;\"R\";\"\";4;0;3;0;1;1;\"212\";\"\";2800;4800;5;1;5;0;0;1;1;1;2;0;0;\"M\""
"330394;10;1;1260.937382;\"Ich\";\"\";2;0;3;0;3;1;\"212\";\"213\";1500;2500;5;1;5;0;0;4;1;1;2;0;0;\"M\""
"330395;10;1;756.5624292;\"Ic\";\"\";2;0;3;0;3;1;\"212\";\"213\";1500;2500;5;1;5;0;0;4;1;1;2;0;0;\"M\""
"330396;10;1;504.3749528;\"Id\";\"\";2;0;3;0;3;1;\"212\";\"\";1500;2500;5;1;5;0;0;4;1;1;2;0;0;\"M\""
"330397;5;1;111.13344075;\"Id\";\"\";1;0;3;4;3;1;\"711\";\"\";100;200;5;9;5;0;0;4;1;1;2;0;0;\"L\""
"330398;5;1;173.3504227;\"Id\";\"\";1;0;2;3;3;1;\"700\";\"\";1500;3000;5;9;5;0;0;4;1;1;2;0;0;\"H\""
"330399;5;1;74.2930383;\"U\";\"\";1;0;2;3;3;1;\"700\";\"\";1500;3000;5;9;5;0;0;3;1;1;2;0;0;\"H\""
"330400;12;1;3280.74738;\"Bd\";\"\";1;2;1;3;1;1;\"450\";\"711\";350;800;5;1;5;0;0;1;1;1;2;0;0;\"M\""
"330401;4;1;586.6267248;\"Qc\";\"\";2;1;1;0;3;1;\"413\";\"\";0;150;5;3;5;0;0;1;1;1;2;0;0;\"M\""
"330402;4;1;65.1807472;\"Lo\";\"\";2;0;1;0;1;1;\"514\";\"\";0;150;5;3;5;0;0;1;1;1;2;0;0;\"M\""
"330403;4;1;1204.7431564;\"Bd\";\"\";1;2;3;4;1;1;\"700\";\"130\";400;1200;5;1;5;0;0;1;1;1;2;0;0;\"H\""
"330404;4;1;344.2123304;\"Pl\";\"\";1;2;2;3;1;1;\"700\";\"450\";400;1200;5;1;5;0;0;1;1;1;2;0;0;\"H\""
"330405;4;1;86.0530826;\"I\";\"\";1;2;4;0;3;1;\"711\";\"\";400;1200;5;1;5;0;0;4;1;1;2;0;0;\"H\""
"330406;4;1;86.0530826;\"U\";\"\";1;2;4;0;4;3;\"711\";\"\";400;1200;5;1;5;0;0;3;1;1;2;0;0;\"H\""
"330407;6;1;363.3435736;\"Qc\";\"\";1;0;1;2;3;1;\"400\";\"\";0;100;5;3;5;0;0;1;2;1;2;0;0;\"M\""
"330408;6;1;103.8124496;\"Qcg\";\"\";1;0;1;2;3;1;\"400\";\"\";0;100;5;3;3;2;0;1;3;2;2;0;0;\"M\""
"330409;6;1;51.9062248;\"Ql\";\"\";1;0;1;2;3;1;\"400\";\"\";0;100;5;3;3;2;0;1;2;1;2;0;0;\"M\""
"330410;10;1;384.54216795;\"Qcd\";\"\";1;2;1;0;3;1;\"112\";\"\";0;100;5;3;5;0;0;1;1;1;2;0;0;\"H\""
"330411;10;1;21.363453775;\"Lc\";\"\";1;2;1;0;3;1;\"112\";\"\";0;100;5;3;3;2;0;1;1;1;2;0;0;\"H\""
"330412;10;1;21.363453775;\"Bc\";\"\";1;2;1;0;3;1;\"112\";\"\";0;100;5;3;5;0;0;1;1;1;2;0;0;\"H\""
"330413;1;1;12.7903454;\"Qc\";\"\";2;1;1;0;1;1;\"412\";\"\";0;100;5;3;5;0;0;1;1;1;2;0;0;\"M\""
"330414;1;1;5.4815766;\"Po\";\"\";1;0;1;0;1;1;\"412\";\"\";0;100;5;3;5;0;0;3;1;1;2;0;0;\"M\""
"330415;7;1;460.8969155;\"Qc\";\"\";1;2;1;0;1;1;\"412\";\"\";50;200;3;1;5;0;0;1;1;1;2;0;0;\"M\""
"330416;7;1;276.5381493;\"Be\";\"\";2;4;2;0;1;1;\"313\";\"\";50;200;3;1;5;0;0;1;1;1;2;0;0;\"M\""
"330417;7;1;184.3587662;\"Bec\";\"\";2;4;2;0;1;1;\"313\";\"\";50;200;3;1;5;0;0;2;1;1;2;0;0;\"M\""
"330418;16;1;699.0311195;\"Qc\";\"\";1;0;1;2;1;1;\"400\";\"\";100;200;5;3;5;0;0;1;2;1;2;0;0;\"M\""
"330419;16;1;199.723177;\"Ql\";\"\";1;0;1;2;1;1;\"400\";\"\";100;200;5;3;4;2;0;1;2;1;2;0;0;\"M\""
"330420;16;1;49.93079425;\"Pl\";\"\";1;0;1;0;1;1;\"400\";\"\";100;200;5;3;5;0;0;1;2;1;2;0;0;\"M\""
"330421;16;1;49.93079425;\"Po\";\"\";1;0;1;0;1;1;\"400\";\"\";100;200;5;3;5;0;0;2;2;1;2;0;0;\"M\""
"330422;13;1;416.728041;\"Ql\";\"\";1;0;1;2;1;1;\"411\";\"\";150;300;5;3;5;0;0;1;1;1;2;0;0;\"L\""
"330423;13;1;208.3640205;\"Qlg\";\"\";1;0;1;0;1;1;\"411\";\"\";150;300;5;3;3;2;0;1;3;2;1;0;0;\"L\""
"330424;13;1;83.3456082;\"E\";\"\";2;0;2;0;3;1;\"220\";\"213\";150;300;5;3;5;0;0;4;1;1;2;0;0;\"M\""
"330425;13;1;83.3456082;\"Bk\";\"\";2;0;2;0;3;1;\"220\";\"213\";150;300;5;3;5;0;0;3;1;1;2;0;0;\"M\""
"330426;15;1;351.7355086;\"Ql\";\"\";1;0;2;0;1;1;\"412\";\"\";50;200;5;3;5;0;0;1;1;1;2;0;0;\"M\""
"330427;15;1;150.7437894;\"Qc\";\"\";1;0;2;0;1;1;\"412\";\"\";50;200;5;3;5;0;0;1;1;1;2;0;0;\"M\""
"330428;1;1;72.160392;\"Qld\";\"\";1;2;1;0;1;1;\"412\";\"\";0;200;5;3;4;2;0;1;2;1;2;0;0;\"H\""
"330429;5;1;5145.2120448;\"Eo\";\"\";2;3;1;0;3;1;\"220\";\"\";150;300;3;5;5;0;0;1;1;1;2;0;0;\"H\""
"330430;5;1;571.6902272;\"Bk\";\"\";2;3;2;0;3;1;\"220\";\"\";150;300;3;5;5;0;0;1;1;1;2;0;0;\"H\""
"330431;1;1;130.439512;\"Eo\";\"\";2;0;1;0;3;1;\"210\";\"\";0;100;3;5;5;0;0;4;1;1;2;0;0;\"M\""
"330432;1;1;55.902648;\"Bk\";\"\";2;4;2;0;3;1;\"210\";\"\";0;100;3;5;5;0;0;3;1;1;2;0;0;\"M\""
"330433;163;1;9613.75634826;\"Eo\";\"\";2;3;1;3;3;1;\"210\";\"220\";0;300;3;5;5;0;0;3;1;1;2;0;0;\"M\""
"330434;163;1;4120.18129211;\"Bk\";\"\";2;3;2;3;3;1;\"210\";\"220\";0;300;3;5;5;0;0;2;1;1;2;0;0;\"M\""
"330435;25;1;1260.08124708;\"Eo\";\"\";3;4;1;2;1;1;\"217\";\"\";100;300;3;5;5;0;0;3;1;1;2;0;0;\"H\""
"330436;25;1;540.034820175;\"Bk\";\"\";3;4;1;2;1;1;\"217\";\"\";100;300;3;5;5;0;0;2;1;1;2;0;0;\"H\""
"330437;14;1;1377.16760425;\"Eo\";\"\";3;4;1;2;3;1;\"212\";\"\";150;300;3;1;5;0;0;4;1;1;2;0;0;\"H\""
"330438;14;1;550.8670417;\"Bk\";\"\";3;4;2;0;3;1;\"212\";\"\";150;300;3;1;5;0;0;3;1;1;2;0;0;\"H\""
"330439;14;1;413.150281275;\"Be\";\"\";4;0;1;2;1;1;\"212\";\"\";150;300;3;1;5;0;0;1;1;1;2;0;0;\"H\""
"330440;14;1;413.150281275;\"Bec\";\"\";4;0;1;2;1;1;\"212\";\"\";150;300;3;1;5;0;0;2;1;1;2;0;0;\"H\""
"330441;4;1;878.971596;\"Eo\";\"\";2;0;1;0;3;1;\"220\";\"212\";75;300;5;1;5;0;0;3;1;1;2;0;0;\"H\""
"330442;4;1;527.3829576;\"Lc\";\"\";2;0;1;0;1;1;\"330\";\"\";75;300;5;1;2;4;0;2;1;1;2;0;0;\"H\""
"330443;4;1;351.5886384;\"Bk\";\"\";2;0;2;0;3;1;\"220\";\"212\";75;300;5;1;5;0;0;3;1;1;2;0;0;\"H\""
"330444;6;1;712.553333;\"Eo\";\"\";2;3;3;0;4;3;\"210\";\"\";200;500;5;1;5;0;0;4;1;1;2;0;0;\"M\""
"330445;6;1;427.5319998;\"Be\";\"\";3;4;2;3;3;1;\"210\";\"\";200;500;5;1;5;0;0;2;1;1;2;0;0;\"M\""
"330446;6;1;285.0213332;\"Lo\";\"\";3;0;2;0;1;1;\"210\";\"\";200;500;5;1;5;0;0;1;1;1;2;0;0;\"M\""
"330447;11;1;893.955449;\"Eo\";\"\";3;0;2;3;4;3;\"212\";\"\";300;600;5;1;5;0;0;4;1;1;2;0;0;\"M\""
"330448;11;1;536.3732694;\"Lo\";\"\";3;0;1;2;1;1;\"212\";\"\";300;600;5;1;5;0;0;1;1;1;2;0;0;\"M\""
"330449;11;1;268.1866347;\"Bk\";\"\";3;0;2;3;3;1;\"212\";\"\";300;600;5;1;5;0;0;3;1;1;2;0;0;\"M\""
"330450;5;1;788.000714;\"Eo\";\"\";4;0;2;3;4;3;\"212\";\"\";200;500;5;3;5;0;0;4;1;1;2;0;0;\"H\""
"330451;5;1;472.8004284;\"Bk\";\"\";4;0;2;3;3;1;\"212\";\"\";200;500;5;3;5;0;0;3;1;1;2;0;0;\"H\""
"330452;5;1;315.2002856;\"I\";\"\";4;0;3;4;3;1;\"212\";\"\";200;500;5;3;5;0;0;4;1;1;2;0;0;\"H\""
"330453;43;1;2746.59847425;\"Eo\";\"\";3;0;1;3;3;1;\"220\";\"213\";0;300;3;1;5;0;0;1;1;1;2;0;0;\"H\""
"330454;43;1;1647.95908455;\"Be\";\"\";4;0;2;3;3;1;\"331\";\"\";0;300;3;1;5;0;0;1;1;1;2;0;0;\"H\""
"330455;43;1;1098.6393897;\"Bk\";\"\";3;0;2;3;3;1;\"220\";\"213\";0;300;3;1;5;0;0;1;1;1;2;0;0;\"H\""
"330456;4;1;213.5623955;\"Eo\";\"\";2;0;1;2;4;3;\"213\";\"\";150;300;3;5;5;0;0;3;1;1;2;0;0;\"H\""
"330457;4;1;128.1374373;\"Qc\";\"\";1;0;2;3;1;1;\"412\";\"\";150;300;3;5;5;0;0;1;1;1;2;0;0;\"H\""
"330458;4;1;85.4249582;\"Be\";\"\";4;0;1;2;1;1;\"313\";\"\";150;300;3;5;5;0;0;1;1;1;2;0;0;\"H\""
"330459;2;1;152.4519346;\"Eo\";\"\";2;0;1;2;4;3;\"213\";\"\";150;300;3;5;5;0;0;3;1;1;2;0;0;\"H\""
"330460;2;1;65.3365434;\"Qc\";\"\";1;0;2;3;1;1;\"412\";\"\";150;300;3;5;5;0;0;1;1;1;2;0;0;\"H\""
"330461;3;1;466.302744;\"Eo\";\"\";3;4;3;4;4;3;\"212\";\"\";600;1300;5;1;5;0;0;4;1;1;2;0;0;\"M\""
"330462;3;1;186.5210976;\"Bec\";\"\";3;0;2;3;3;1;\"212\";\"\";600;1300;5;1;5;0;0;3;1;1;2;0;0;\"M\""
"330463;3;1;186.5210976;\"Bkh\";\"\";3;0;2;3;3;1;\"212\";\"\";600;1300;5;1;5;0;0;3;1;1;2;0;0;\"M\""
"330464;3;1;93.2605488;\"I\";\"\";3;4;3;4;3;1;\"212\";\"\";600;1300;5;1;5;0;0;4;1;1;2;0;0;\"M\""
"330465;20;1;1179.43029295;\"Eo\";\"\";3;4;2;3;4;3;\"212\";\"231\";200;400;5;3;5;0;0;3;1;1;2;0;0;\"M\""
"330466;20;1;336.9800837;\"Bec\";\"\";3;4;2;0;1;1;\"212\";\"231\";200;400;5;3;5;0;0;2;1;1;2;0;0;\"M\""
"330467;20;1;168.49004185;\"I\";\"\";3;4;3;4;3;1;\"212\";\"\";200;400;5;3;5;0;0;4;1;1;2;0;0;\"M\""
"330468;14;1;3823.55554495;\"Eo\";\"\";2;3;1;2;1;1;\"217\";\"230\";500;2000;5;1;5;0;0;4;1;1;2;0;0;\"M\""
"330469;14;1;1529.42221798;\"Bk\";\"\";2;3;2;3;3;1;\"217\";\"230\";500;2000;5;1;5;0;0;3;1;1;2;0;0;\"M\""
"330470;14;1;1147.06666348;\"Be\";\"\";2;4;1;2;1;1;\"217\";\"230\";500;2000;5;1;5;0;0;2;1;1;2;0;0;\"M\""
"330471;14;1;1147.06666348;\"Bc\";\"\";2;4;1;2;1;1;\"215\";\"\";500;2000;5;1;5;0;0;3;1;1;2;0;0;\"M\""
"330472;18;1;2061.59894775;\"Eo\";\"\";2;0;2;3;4;3;\"213\";\"\";200;1000;5;1;5;0;0;4;1;1;2;0;0;\"M\""
"330473;18;1;1236.95936865;\"Bk\";\"\";2;0;1;3;3;1;\"213\";\"630\";200;1000;5;1;5;0;0;3;1;1;2;0;0;\"M\""
"330474;18;1;824.6395791;\"Re\";\"\";2;0;2;3;1;1;\"630\";\"\";200;1000;5;1;5;0;0;3;1;1;2;0;0;\"M\""
"330475;13;1;689.052746;\"Eo\";\"\";3;0;2;3;3;1;\"210\";\"\";1000;2000;5;1;5;0;0;4;1;1;2;0;0;\"M\""
"330476;13;1;413.4316476;\"Bkh\";\"\";3;0;2;3;3;1;\"210\";\"\";1000;2000;5;1;5;0;0;3;1;1;2;0;0;\"M\""
"330477;13;1;275.6210984;\"Be\";\"\";3;0;2;0;1;1;\"210\";\"\";1000;2000;5;1;5;0;0;3;1;1;2;0;0;\"M\""
"330478;4;1;406.45967;\"Eo\";\"\";2;4;1;2;3;1;\"217\";\"212\";0;500;3;7;5;0;0;3;1;1;2;0;0;\"H\""
"330479;4;1;243.875802;\"Bcc\";\"\";2;4;1;0;1;1;\"212\";\"\";0;500;3;7;1;4;0;3;1;1;2;0;0;\"H\""
"330480;4;1;162.583868;\"Vc\";\"\";2;0;1;2;3;1;\"217\";\"212\";0;500;3;7;5;0;0;1;1;1;2;0;0;\"H\""
"330481;8;1;477.1213013;\"Eo\";\"\";2;0;1;3;3;1;\"230\";\"250\";0;50;5;1;5;0;0;1;1;1;2;0;0;\"L\""
"330482;8;1;204.4805577;\"Bcc\";\"\";2;0;1;0;3;1;\"215\";\"\";0;50;5;1;1;4;0;3;1;1;2;0;0;\"L\""
"330483;1;1;56.2699872;\"Eo\";\"\";3;0;1;2;1;1;\"212\";\"\";0;300;3;7;5;0;0;4;1;1;2;0;0;\"L\""
"330484;1;1;24.1157088;\"Lo\";\"\";3;0;1;0;1;1;\"500\";\"\";0;300;3;7;5;0;0;1;1;1;2;0;0;\"L\""
"330485;16;1;488.564428;\"Eo\";\"\";2;4;1;2;3;1;\"218\";\"217\";0;700;5;1;5;0;0;3;1;1;2;0;0;\"M\""
"330486;16;1;293.1386568;\"Lo\";\"\";2;1;1;0;1;1;\"451\";\"\";0;700;5;1;2;4;0;2;1;1;2;0;0;\"M\""
"330487;16;1;97.7128856;\"Vc\";\"\";2;0;1;2;3;1;\"218\";\"217\";0;700;5;1;5;0;0;1;1;1;2;0;0;\"M\""
"330488;16;1;97.7128856;\"Bec\";\"\";2;1;1;2;3;1;\"451\";\"\";0;700;5;1;5;0;0;2;1;1;2;0;0;\"M\""
"330489;5;1;1684.7026448;\"Eo\";\"\";4;2;1;3;3;1;\"220\";\"\";0;200;3;7;5;0;0;1;1;1;2;0;0;\"M\""
"330490;5;1;361.0077096;\"Lo\";\"\";2;1;1;0;1;1;\"431\";\"\";0;200;3;7;2;4;5;1;3;1;2;0;0;\"M\""
"330491;5;1;361.0077096;\"Lc\";\"\";2;0;1;2;1;1;\"215\";\"\";0;200;3;7;2;4;0;3;1;1;2;0;0;\"M\""
"330492;3;1;69.941036;\"Eo\";\"\";4;0;1;2;3;1;\"218\";\"\";0;700;5;1;5;0;0;3;1;1;2;0;0;\"M\""
"330493;3;1;41.9646216;\"Lo\";\"\";2;1;1;0;1;1;\"431\";\"\";0;700;5;1;3;4;0;1;3;1;2;0;0;\"M\""
"330494;3;1;27.9764144;\"Lvc\";\"\";2;0;1;2;1;1;\"218\";\"\";0;700;5;1;2;4;0;1;1;1;2;0;0;\"M\""
"330495;2;1;326.364848;\"Eo\";\"\";3;4;2;3;4;3;\"212\";\"\";200;600;5;1;5;0;0;4;1;1;2;0;0;\"M\""
"330496;2;1;195.8189088;\"Lk\";\"\";3;4;2;0;1;1;\"212\";\"\";200;600;5;1;1;4;5;1;1;1;2;0;0;\"M\""
"330497;2;1;130.5459392;\"Bkh\";\"\";3;4;2;3;4;3;\"212\";\"\";200;600;5;1;5;0;0;3;1;1;2;0;0;\"M\""
"330498;3;1;84.46569145;\"Eo\";\"\";3;4;2;3;4;3;\"215\";\"\";0;600;5;1;5;0;0;4;1;1;2;0;0;\"M\""
"330499;3;1;36.19958205;\"Ic\";\"\";3;4;3;4;3;1;\"215\";\"\";0;600;5;1;5;0;0;4;1;1;2;0;0;\"M\""
"330500;2;1;137.63232;\"Eo\";\"\";2;4;2;3;3;1;\"219\";\"\";0;200;3;7;5;0;0;3;1;1;2;0;0;\"H\""
"330501;2;1;82.579392;\"Bcc\";\"\";2;4;1;2;3;1;\"219\";\"\";0;200;3;7;5;0;0;3;1;1;2;0;0;\"H\""
"330502;2;1;55.052928;\"Bc\";\"\";2;4;1;2;3;1;\"219\";\"\";0;200;3;7;5;0;0;3;1;1;2;0;0;\"H\""
"330503;2;1;227.413272;\"Ec\";\"\";3;0;3;4;3;1;\"210\";\"\";600;900;5;1;5;0;0;3;1;1;2;0;0;\"M\""
"330504;2;1;227.413272;\"Bec\";\"\";3;0;2;3;3;1;\"210\";\"\";600;900;5;1;5;0;0;2;1;1;2;0;0;\"M\""
"330505;72;1;1008.02507403;\"U\";\"\";1;0;3;0;4;3;\"711\";\"742\";0;300;10;0;5;0;0;4;1;1;2;0;0;\"H\""
"330506;72;1;112.002786003;\"Id\";\"\";1;0;3;4;3;1;\"711\";\"742\";0;300;10;0;5;0;0;4;1;1;2;0;0;\"H\""
"330507;37;1;1575.46620814;\"U\";\"\";1;2;2;0;1;1;\"711\";\"742\";0;300;10;9;5;0;0;2;1;1;2;0;0;\"H\""
"330508;37;1;1575.46620814;\"Bd\";\"\";2;0;1;0;1;1;\"711\";\"742\";0;300;10;9;5;0;0;2;1;1;2;0;0;\"H\""
"330509;23;1;1577.71362055;\"U\";\"\";2;0;3;4;3;1;\"740\";\"730\";1000;3000;1;5;5;0;0;3;1;1;2;0;0;\"M\""
"330510;23;1;197.214202569;\"I\";\"\";2;0;3;4;3;1;\"730\";\"\";1000;3000;1;5;5;0;0;4;1;1;2;0;0;\"M\""
"330511;23;1;197.214202569;\"Bds\";\"\";2;4;2;3;3;1;\"740\";\"730\";1000;3000;1;5;5;0;0;2;3;3;2;0;0;\"M\""
"330512;9;1;736.049656625;\"U\";\"\";1;2;2;3;4;3;\"731\";\"741\";300;400;10;9;5;0;0;4;1;1;2;0;0;\"H\""
"330513;9;1;441.629793975;\"Bd\";\"\";2;0;1;2;3;1;\"731\";\"741\";300;400;10;9;5;0;0;3;1;1;2;0;0;\"H\""
"330514;9;1;294.41986265;\"Id\";\"\";1;0;3;0;3;1;\"731\";\"741\";300;400;10;9;5;0;0;4;1;1;2;0;0;\"H\""
"330518;7;1;1639.92879978;\"U\";\"\";2;0;3;0;2;3;\"711\";\"\";1000;1500;1;5;5;0;0;3;1;1;2;0;0;\"H\""
"330519;7;1;702.826628475;\"Ph\";\"\";2;0;2;3;2;3;\"711\";\"\";1000;1500;1;5;5;0;0;3;1;1;2;0;0;\"H\""
"330520;1;1;26.8370928;\"U\";\"\";2;0;3;0;1;1;\"700\";\"\";1000;1500;1;5;5;0;0;4;1;1;2;0;0;\"H\""
"330521;1;1;11.5016112;\"Tv\";\"\";2;0;2;3;1;1;\"800\";\"\";1000;1500;1;5;5;0;0;2;1;1;2;0;0;\"H\""
"330522;2;1;72.864324;\"U\";\"\";2;0;3;0;3;1;\"710\";\"730\";2000;3500;1;5;5;0;0;3;1;1;2;0;0;\"H\""
"330523;2;1;43.7185944;\"Bh\";\"\";2;0;3;0;3;1;\"710\";\"730\";2000;3500;1;5;5;0;0;3;1;1;2;0;0;\"H\""
"330524;2;1;29.1457296;\"Id\";\"\";2;0;3;4;3;1;\"710\";\"730\";2000;3500;1;5;5;0;0;4;1;1;2;0;0;\"H\""
"330525;7;1;3151.7890894;\"To\";\"\";2;0;3;4;1;1;\"800\";\"\";500;1500;5;1;5;0;0;1;1;1;2;0;0;\"H\""
"330526;7;1;675.3833763;\"Th\";\"\";2;0;3;4;1;1;\"800\";\"\";500;1500;5;1;5;0;0;1;1;1;2;0;0;\"H\""
"330527;7;1;675.3833763;\"Tm\";\"\";2;0;3;4;1;1;\"800\";\"\";500;1500;5;1;5;0;0;1;1;1;2;0;0;\"H\""
"330528;2;1;259.5411;\"To\";\"\";2;0;3;4;1;1;\"800\";\"\";500;1500;5;1;5;0;0;1;1;1;2;0;0;\"H\""
"330529;2;1;259.5411;\"Th\";\"\";2;0;3;4;1;1;\"800\";\"\";500;1500;5;1;5;0;0;1;1;1;2;0;0;\"H\""
"330530;2;1;14.406476;\"Vp\";\"\";4;5;1;0;1;1;\"232\";\"\";100;200;3;1;5;0;0;1;4;2;1;0;0;\"H\""
"330531;2;1;8.6438856;\"Bv\";\"\";4;0;1;0;1;1;\"232\";\"\";100;200;3;1;2;5;0;1;4;2;1;0;0;\"H\""
"330532;2;1;5.7625904;\"Bec\";\"\";4;0;2;0;1;1;\"232\";\"\";100;200;3;1;5;0;0;1;1;1;2;0;0;\"H\""
"330533;1;1;213.779088;\"Vp\";\"\";4;0;1;0;1;1;\"313\";\"232\";50;500;3;1;5;0;0;1;1;1;1;0;0;\"H\""
"330534;1;1;23.753232;\"Vpg\";\"\";4;0;1;0;1;1;\"313\";\"\";50;500;3;1;5;0;0;1;3;2;1;0;0;\"H\""
"330535;2;1;121.17655575;\"Vp\";\"\";2;0;1;0;1;1;\"311\";\"740\";200;300;3;1;1;4;0;1;4;2;1;0;0;\"H\""
"330536;2;1;72.70593345;\"Dg\";\"\";2;0;1;0;1;1;\"514\";\"740\";200;300;3;1;2;4;0;1;3;2;1;0;0;\"H\""
"330537;2;1;48.4706223;\"De\";\"\";2;0;1;0;1;1;\"740\";\"\";200;300;3;1;5;0;0;1;3;2;1;0;0;\"H\""
"330538;15;1;749.543035844;\"Zo\";\"\";3;4;1;0;1;1;\"100\";\"\";0;50;11;1;5;0;0;1;2;3;2;0;0;\"H\""
"330539;9;1;1157.6735975;\"Zg\";\"\";4;5;1;0;1;1;\"120\";\"110\";0;50;11;1;5;0;0;1;2;3;1;0;0;\"H\""
"330540;9;1;496.1458275;\"Gh\";\"\";4;5;1;0;1;1;\"120\";\"110\";0;50;11;1;5;0;0;1;2;3;1;0;0;\"H\""
"330541;2;1;47.1663918;\"Zg\";\"\";5;0;1;0;1;1;\"120\";\"\";0;50;3;1;5;0;0;1;2;3;1;0;0;\"H\""
"330542;2;1;5.2407102;\"G\";\"\";5;0;1;0;1;1;\"120\";\"\";0;50;3;1;5;0;0;1;2;3;1;0;0;\"H\""
"330543;1;1;150.751568;\"Hc\";\"\";4;0;1;0;1;1;\"232\";\"150\";200;300;3;1;5;0;0;1;1;1;1;0;0;\"H\""
"330544;1;1;90.4509408;\"Hh\";\"\";4;5;1;0;1;1;\"232\";\"150\";200;300;3;1;5;0;0;1;1;1;1;0;0;\"H\""
"330545;1;1;60.3006272;\"Hg\";\"\";5;0;1;0;1;1;\"232\";\"150\";200;300;3;1;5;0;0;1;2;2;1;0;0;\"H\""
"330546;33;1;1667.51046487;\"Be\";\"\";4;0;2;3;3;1;\"313\";\"232\";150;300;3;1;5;0;0;1;3;1;1;0;0;\"M\""
"330547;33;1;92.6394702703;\"Eo\";\"\";4;0;3;0;3;1;\"213\";\"232\";150;300;3;1;5;0;0;3;1;1;2;0;0;\"M\""
"330548;33;1;92.6394702703;\"Qc\";\"\";1;0;3;0;1;1;\"412\";\"\";150;300;3;1;5;0;0;1;1;1;2;0;0;\"M\""
"330549;21;1;881.7836895;\"Be\";\"\";1;2;1;0;1;1;\"131\";\"\";200;500;3;1;5;0;0;1;1;1;2;0;0;\"H\""
"330550;21;1;377.9072955;\"Bd\";\"\";1;2;1;0;1;1;\"131\";\"\";200;500;3;1;5;0;0;1;1;1;2;0;0;\"H\""
"330551;6;1;1177.9270076;\"Be\";\"\";3;4;1;2;3;1;\"331\";\"\";150;300;3;1;1;4;0;1;1;1;2;0;0;\"H\""
"330552;6;1;504.8258604;\"Lo\";\"\";3;0;1;0;1;1;\"520\";\"\";150;300;3;1;5;0;0;1;1;1;2;0;0;\"H\""
"330553;12;1;493.380615894;\"Be\";\"\";3;4;1;2;1;1;\"312\";\"230\";0;150;3;1;1;4;5;1;1;1;2;0;0;\"M\""
"330554;12;1;113.857065206;\"Bev\";\"\";4;5;1;2;1;1;\"312\";\"230\";0;150;3;1;1;5;0;1;4;2;1;0;0;\"M\""
"330555;12;1;113.857065206;\"Beg\";\"\";3;4;1;2;1;1;\"312\";\"230\";0;150;3;1;1;4;5;1;4;2;1;0;0;\"M\""
"330556;26;1;1422.51206925;\"Be\";\"\";2;4;1;2;1;1;\"740\";\"\";0;150;3;1;5;0;0;1;1;1;2;0;0;\"M\""
"330557;26;1;853.50724155;\"Beg\";\"\";2;4;1;2;1;1;\"740\";\"\";0;150;3;1;5;0;0;1;3;2;1;0;0;\"M\""
"330558;26;1;569.0048277;\"Bk\";\"\";2;4;1;2;1;1;\"744\";\"\";0;150;3;1;5;0;0;1;1;1;2;0;0;\"M\""
"330559;3;1;137.899736;\"Be\";\"\";4;0;1;0;3;1;\"313\";\"\";75;200;3;1;5;0;0;1;1;2;1;0;0;\"M\""
"330560;3;1;82.7398416;\"Qc\";\"\";1;0;2;3;1;1;\"412\";\"\";75;200;3;1;5;0;0;1;1;1;2;0;0;\"M\""
"330561;3;1;55.1598944;\"Eo\";\"\";2;4;3;0;3;1;\"213\";\"220\";75;200;3;1;5;0;0;3;1;1;2;0;0;\"M\""
"330562;55;1;6807.15004225;\"Be\";\"\";3;2;2;0;1;1;\"740\";\"\";0;150;3;1;5;0;0;1;1;1;2;0;0;\"M\""
"330563;55;1;4084.29002535;\"Lo\";\"\";3;2;1;0;1;1;\"740\";\"\";0;150;3;1;5;0;0;1;1;1;1;0;0;\"M\""
"330564;55;1;2042.14501268;\"Dg\";\"\";3;2;1;0;1;1;\"740\";\"\";0;150;3;1;5;0;0;1;3;2;1;0;0;\"M\""
"330565;1;1;98.0211568;\"Be\";\"\";1;2;1;0;1;1;\"131\";\"\";200;500;9;0;5;0;0;1;1;1;2;0;0;\"M\""
"330566;1;1;42.0090672;\"Bd\";\"\";1;2;1;0;1;1;\"131\";\"\";200;500;9;0;5;0;0;1;1;1;2;0;0;\"M\""
"330567;1;1;75.239144;\"Be\";\"\";3;0;2;0;1;1;\"212\";\"\";200;500;3;5;5;0;0;2;1;1;2;0;0;\"M\""
"330568;1;1;45.1434864;\"Bk\";\"\";3;0;2;3;3;1;\"212\";\"\";200;500;3;5;5;0;0;3;1;1;2;0;0;\"M\""
"330569;1;1;30.0956576;\"Ic\";\"\";3;0;3;0;3;1;\"212\";\"\";200;500;3;5;5;0;0;4;1;1;2;0;0;\"M\""
"330570;9;1;1123.513245;\"Be\";\"\";2;0;1;0;1;1;\"630\";\"\";200;700;3;5;5;0;0;1;1;1;2;0;0;\"L\""
"330571;9;1;674.107947;\"Bk\";\"\";2;0;2;0;1;1;\"630\";\"\";200;700;3;5;5;0;0;2;1;1;2;0;0;\"L\""
"330572;9;1;449.405298;\"Lo\";\"\";2;0;1;0;1;1;\"112\";\"\";200;700;3;5;5;0;0;1;1;1;2;0;0;\"L\""
"330573;2;1;187.58162;\"Be\";\"\";3;4;1;2;1;1;\"212\";\"\";200;700;3;1;5;0;0;2;1;1;2;0;0;\"M\""
"330574;2;1;112.548972;\"Bk\";\"\";3;4;1;2;1;1;\"212\";\"\";200;700;3;1;5;0;0;3;1;1;2;0;0;\"M\""
"330575;2;1;37.516324;\"Lo\";\"\";2;0;1;0;1;1;\"332\";\"\";200;700;3;1;2;4;0;1;1;1;2;0;0;\"M\""
"330576;2;1;37.516324;\"La\";\"\";1;2;1;0;1;1;\"332\";\"\";200;700;3;1;3;2;4;1;1;1;2;0;0;\"M\""
"330577;2;1;36.0367644;\"Be\";\"\";3;0;1;0;1;1;\"500\";\"\";200;500;3;1;5;0;0;1;1;1;2;0;0;\"M\""
"330578;2;1;15.4443276;\"Beg\";\"\";3;0;1;0;1;1;\"500\";\"\";200;500;3;1;5;0;0;1;3;2;1;0;0;\"M\""
"330579;4;1;43.84703425;\"Be\";\"\";3;0;1;2;1;1;\"230\";\"213\";20;500;3;1;5;0;0;1;1;1;2;0;0;\"M\""
"330580;4;1;26.30822055;\"Lo\";\"\";3;2;1;0;1;1;\"510\";\"520\";20;500;3;1;4;4;0;1;1;1;2;0;0;\"M\""
"330581;4;1;17.5388137;\"Dd\";\"\";2;0;1;0;1;1;\"510\";\"520\";20;500;3;1;3;4;0;1;1;1;2;0;0;\"M\""
"330582;8;1;97.49314365;\"Be\";\"\";1;0;1;0;3;1;\"112\";\"\";100;200;3;1;5;0;0;1;1;1;2;0;0;\"M\""
"330583;8;1;27.8551839;\"Lo\";\"\";1;0;1;0;3;1;\"112\";\"\";100;200;3;1;2;2;0;1;1;1;2;0;0;\"M\""
"330584;8;1;13.92759195;\"Lg\";\"\";1;0;1;0;3;1;\"112\";\"\";100;200;3;1;2;2;0;1;2;2;1;0;0;\"M\""
"330585;49;1;614.5369209;\"Be\";\"\";3;2;1;0;1;1;\"111\";\"\";100;300;3;1;5;0;0;1;1;1;2;0;0;\"H\""
"330586;49;1;175.5819774;\"Lg\";\"\";2;0;1;0;1;1;\"111\";\"\";100;300;3;1;2;4;0;1;3;2;1;0;0;\"H\""
"330587;49;1;87.7909887;\"Bk\";\"\";4;0;2;0;1;1;\"213\";\"232\";100;300;3;1;5;0;0;1;1;1;2;0;0;\"H\""
"330588;3;1;136.116678;\"Be\";\"\";2;4;1;2;3;1;\"822\";\"\";500;1000;5;1;2;4;5;1;1;1;2;0;0;\"H\""
"330589;3;1;81.6700068;\"Ie\";\"\";2;0;2;3;3;1;\"822\";\"\";500;1000;5;1;5;0;0;4;1;1;2;0;0;\"H\""
"330590;3;1;54.4466712;\"Qc\";\"\";1;0;2;3;1;1;\"822\";\"\";500;1000;5;1;5;0;0;1;1;1;2;0;0;\"H\""
"330591;5;1;109.938604725;\"Be\";\"\";2;4;2;0;3;1;\"822\";\"830\";500;1000;5;1;2;4;5;1;1;1;2;0;0;\"H\""
"330592;5;1;12.215400525;\"To\";\"\";2;0;2;0;2;1;\"822\";\"830\";500;1000;5;1;5;0;0;1;1;1;2;0;0;\"H\""
"330593;5;1;195.1446308;\"Be\";\"\";2;3;2;0;1;1;\"740\";\"\";100;500;9;0;5;0;0;2;1;1;2;0;0;\"L\""
"330594;5;1;55.7556088;\"Eo\";\"\";2;3;2;0;1;1;\"740\";\"\";100;500;9;0;5;0;0;4;1;1;2;0;0;\"L\""
"330595;5;1;27.8778044;\"Ie\";\"\";1;2;2;3;3;1;\"450\";\"\";100;500;9;0;5;0;0;4;1;1;2;0;0;\"L\""
"330596;8;1;128.72499525;\"Be\";\"\";2;3;2;3;3;1;\"740\";\"720\";200;500;9;0;5;0;0;3;1;1;2;0;0;\"M\""
"330597;8;1;128.72499525;\"Ie\";\"\";2;3;3;0;3;1;\"740\";\"720\";200;500;9;0;5;0;0;4;1;1;2;0;0;\"M\""
"330598;1;1;12.165322;\"Be\";\"\";2;0;2;0;1;1;\"900\";\"\";100;300;3;0;5;0;0;1;1;1;2;0;0;\"L\""
"330599;1;1;7.2991932;\"Bd\";\"\";2;0;2;0;1;1;\"900\";\"\";100;300;3;0;5;0;0;1;1;1;2;0;0;\"L\""
"330600;1;1;4.8661288;\"Lc\";\"\";2;0;1;2;1;1;\"900\";\"\";100;300;3;0;2;4;0;1;1;1;2;0;0;\"L\""
"330601;7;1;211.600194;\"Bev\";\"\";4;0;1;2;1;1;\"231\";\"312\";300;300;3;1;5;0;0;1;1;1;2;0;0;\"M\""
"330602;7;1;126.9601164;\"Be\";\"\";4;0;1;2;1;1;\"231\";\"312\";300;300;3;1;5;0;0;1;1;1;2;0;0;\"M\""
"330603;7;1;63.4800582;\"Qc\";\"\";1;0;2;3;1;1;\"411\";\"\";300;300;3;1;5;0;0;1;1;1;2;0;0;\"M\""
"330604;9;1;1700.950244;\"Bev\";\"\";4;0;1;2;1;1;\"231\";\"\";300;450;3;1;5;0;0;1;1;2;1;0;0;\"H\""
"330605;9;1;1020.5701464;\"Bec\";\"\";4;0;1;2;1;1;\"231\";\"\";300;450;3;1;2;2;0;1;1;1;2;0;0;\"H\""
"330606;9;1;680.3800976;\"Lg\";\"\";2;3;1;0;1;1;\"510\";\"\";300;450;3;1;2;4;0;1;3;2;1;0;0;\"M\""
"330607;94;1;9180.07046931;\"Bec\";\"\";3;4;1;2;4;3;\"212\";\"\";0;600;3;5;5;0;0;3;1;1;2;0;0;\"M\""
"330608;94;1;3672.02818773;\"Lo\";\"\";3;0;1;2;1;1;\"520\";\"212\";0;600;3;5;2;4;0;1;1;1;2;0;0;\"M\""
"330609;94;1;2386.81832202;\"E\";\"\";2;3;2;3;4;3;\"212\";\"\";0;600;3;5;5;0;0;4;1;1;2;0;0;\"M\""
"330610;94;1;2203.21691264;\"Bk\";\"\";2;4;2;3;3;1;\"212\";\"\";0;600;3;5;5;0;0;3;1;1;2;0;0;\"M\""
"330611;5;1;438.971048;\"Bec\";\"\";4;0;2;0;1;1;\"231\";\"\";200;400;1;3;5;0;0;1;1;1;2;0;0;\"L\""
"330612;5;1;263.3826288;\"Beg\";\"\";4;0;2;0;1;1;\"231\";\"\";200;400;1;3;5;0;0;1;4;2;1;0;0;\"L\""
"330613;5;1;175.5884192;\"Lg\";\"\";2;0;1;0;1;1;\"500\";\"\";200;400;1;3;2;4;0;1;3;2;1;0;0;\"L\""
"330614;28;1;1284.162792;\"Bec\";\"\";4;0;1;2;1;1;\"232\";\"\";300;400;1;3;5;0;0;1;1;1;2;0;0;\"M\""
"330615;28;1;770.4976752;\"Lo\";\"\";3;0;1;0;1;1;\"520\";\"\";300;400;1;3;4;4;0;1;2;1;1;0;0;\"M\""
"330616;28;1;256.8325584;\"E\";\"\";4;0;2;0;1;1;\"232\";\"\";300;400;1;3;5;0;0;1;1;1;2;0;0;\"M\""
"330617;28;1;256.8325584;\"Bk\";\"\";4;0;1;2;1;1;\"232\";\"\";300;400;1;3;5;0;0;1;1;1;2;0;0;\"M\""
"330618;22;1;1965.3922465;\"Bec\";\"\";3;4;1;2;3;1;\"212\";\"\";150;300;1;3;5;0;0;3;1;1;2;0;0;\"H\""
"330619;22;1;1572.3137972;\"Bk\";\"\";3;4;1;2;3;1;\"212\";\"\";150;300;1;3;5;0;0;3;1;1;2;0;0;\"H\""
"330620;22;1;393.0784493;\"E\";\"\";3;4;1;2;4;3;\"212\";\"\";150;300;1;3;5;0;0;4;1;1;2;0;0;\"H\""
"330621;4;1;942.333256;\"Bec\";\"\";3;4;1;2;3;1;\"212\";\"\";150;450;3;5;5;0;0;3;1;1;2;0;0;\"M\""
"330622;4;1;942.333256;\"Be\";\"\";3;4;1;2;1;1;\"212\";\"\";150;450;3;5;2;4;5;1;1;1;2;0;0;\"M\""
"330623;1;1;1553.156736;\"Bec\";\"\";3;4;1;3;1;1;\"212\";\"231\";600;900;5;1;5;0;0;3;1;1;2;0;0;\"M\""
"330624;1;1;1553.156736;\"Bk\";\"\";3;4;2;3;1;1;\"212\";\"231\";600;900;5;1;5;0;0;2;1;1;2;0;0;\"M\""
"330625;1;1;93.639936;\"Bec\";\"\";2;3;1;0;1;1;\"232\";\"\";300;1000;1;3;2;4;0;1;1;1;2;0;0;\"L\""
"330626;1;1;56.1839616;\"Po\";\"\";1;0;1;0;1;1;\"420\";\"\";300;1000;1;3;4;2;0;2;1;1;2;0;0;\"L\""
"330627;1;1;37.4559744;\"Lg\";\"\";2;0;1;0;1;1;\"520\";\"\";300;1000;1;3;5;0;0;1;3;2;1;0;0;\"L\""
"330628;10;1;1837.8036728;\"Bd\";\"\";2;0;2;0;2;1;\"711\";\"740\";0;450;5;1;5;0;0;1;2;1;1;0;0;\"M\""
"330629;10;1;229.7254591;\"Pl\";\"\";1;2;1;0;2;1;\"711\";\"\";0;450;5;1;5;0;0;1;1;1;2;0;0;\"M\""
"330630;8;1;4195.6119758;\"Bd\";\"\";2;0;1;2;1;1;\"740\";\"\";0;150;3;1;5;0;0;1;2;1;1;0;0;\"M\""
"330631;8;1;1798.1194182;\"Lg\";\"\";2;0;1;0;1;1;\"520\";\"740\";0;150;3;1;5;0;0;1;2;2;1;0;0;\"M\""
"330632;6;1;660.1138796;\"Bd\";\"\";2;1;1;2;1;1;\"711\";\"731\";0;150;3;1;5;0;0;1;1;1;2;0;0;\"M\""
"330633;6;1;282.9059484;\"Lg\";\"\";2;0;1;0;1;1;\"520\";\"\";0;150;3;1;5;0;0;1;2;2;1;0;0;\"M\""
"330634;49;1;5728.6835907;\"Bd\";\"\";3;2;1;0;3;1;\"740\";\"\";0;450;3;1;5;0;0;3;1;1;2;0;0;\"M\""
"330635;49;1;1227.57505515;\"Dg\";\"\";2;0;1;0;1;1;\"740\";\"\";0;450;3;1;5;0;0;1;2;2;1;0;0;\"M\""
"330636;49;1;818.3833701;\"Lo\";\"\";2;0;1;0;1;1;\"520\";\"740\";0;450;3;1;5;0;0;1;1;1;2;0;0;\"M\""
"330637;54;1;4624.4633925;\"Bd\";\"\";2;0;1;2;1;1;\"711\";\"\";0;450;5;1;5;0;0;2;1;1;2;0;0;\"M\""
"330638;54;1;2774.6780355;\"Lo\";\"\";2;0;1;0;1;1;\"500\";\"\";0;450;5;1;5;0;0;1;1;1;2;0;0;\"M\""
"330639;54;1;1387.33901775;\"Bdg\";\"\";2;0;1;0;1;1;\"711\";\"\";0;450;5;1;5;0;0;2;3;2;1;0;0;\"M\""
"330640;30;1;3096.3974881;\"Bd\";\"\";1;2;3;4;4;3;\"730\";\"740\";0;600;5;1;5;0;0;4;1;1;1;0;0;\"M\""
"330641;30;1;884.6849966;\"Pl\";\"\";1;0;3;4;1;3;\"711\";\"730\";0;600;5;1;5;0;0;3;1;1;2;0;0;\"M\""
"330642;30;1;221.17124915;\"I\";\"\";1;2;3;4;3;1;\"730\";\"740\";0;600;5;1;5;0;0;4;1;1;2;0;0;\"M\""
"330643;30;1;221.17124915;\"U\";\"\";1;2;3;4;4;3;\"730\";\"740\";0;600;5;1;5;0;0;4;1;1;2;0;0;\"M\""
"330644;14;1;983.497562125;\"Bd\";\"\";1;2;3;4;3;1;\"711\";\"\";800;1500;5;1;5;0;0;3;1;1;2;0;0;\"M\""
"330645;14;1;590.098537275;\"Pl\";\"\";1;0;2;0;3;1;\"711\";\"\";800;1500;5;1;5;0;0;3;1;1;2;0;0;\"M\""
"330646;14;1;393.39902485;\"Id\";\"\";1;2;3;4;3;1;\"711\";\"\";800;1500;5;1;5;0;0;4;1;1;2;0;0;\"M\""
"330647;8;1;1410.1768604;\"Bd\";\"\";2;0;2;3;2;3;\"711\";\"700\";300;450;5;1;5;0;0;3;1;1;2;0;0;\"M\""
"330648;8;1;402.9076744;\"Beg\";\"\";2;0;2;0;1;1;\"731\";\"700\";300;450;5;1;2;4;0;2;3;2;1;0;0;\"M\""
"330649;8;1;100.7269186;\"I\";\"\";2;0;3;0;2;3;\"711\";\"700\";300;450;5;1;5;0;0;4;1;1;2;0;0;\"M\""
"330650;8;1;100.7269186;\"G\";\"\";2;0;1;0;1;1;\"711\";\"700\";300;450;5;1;2;4;0;2;3;3;1;0;0;\"M\""
"330651;7;1;254.03757975;\"Bd\";\"\";1;0;1;0;1;1;\"412\";\"411\";200;300;3;1;5;0;0;1;1;1;2;0;0;\"M\""
"330652;7;1;152.42254785;\"Be\";\"\";2;0;2;0;3;1;\"313\";\"422\";200;300;3;1;5;0;0;1;1;1;2;0;0;\"M\""
"332291;7;1;101.6150319;\"We\";\"\";1;0;1;0;3;1;\"422\";\"\";200;300;3;1;2;2;4;1;3;2;1;0;0;\"M\""
"332292;4;1;4470.906234;\"Bd\";\"\";1;2;2;0;3;1;\"700\";\"730\";500;1000;5;1;5;0;0;3;1;1;2;0;0;\"M\""
"332293;4;1;2682.5437404;\"Id\";\"\";1;2;3;4;3;1;\"700\";\"730\";500;1000;5;1;5;0;0;4;1;1;2;0;0;\"M\""
"332294;4;1;1788.3624936;\"Bg\";\"\";2;0;2;0;1;1;\"740\";\"730\";500;1000;5;1;5;0;0;1;2;2;1;0;0;\"M\""
"332295;1;1;902.35328;\"Bd\";\"\";1;0;2;3;1;1;\"711\";\"\";200;300;5;1;5;0;0;3;1;1;2;0;0;\"M\""
"332296;1;1;541.411968;\"Bg\";\"\";1;0;1;2;1;1;\"711\";\"\";200;300;5;1;2;2;0;2;3;2;2;0;0;\"M\""
"332297;1;1;360.941312;\"Ldg\";\"\";1;2;1;0;1;1;\"711\";\"700\";200;300;5;1;2;2;4;1;3;2;1;0;0;\"M\""
"332298;4;1;141.817082;\"Bd\";\"\";2;0;1;0;1;1;\"130\";\"\";300;400;5;1;5;0;0;1;1;1;2;0;0;\"M\""
"332299;4;1;85.0902492;\"Bg\";\"\";2;0;1;0;1;1;\"130\";\"\";300;400;5;1;5;0;0;1;3;2;1;0;0;\"M\""
"332300;4;1;56.7268328;\"Ld\";\"\";2;0;1;0;1;1;\"130\";\"\";300;400;5;1;5;0;0;1;3;2;1;0;0;\"M\""
"332301;27;1;2222.3783946;\"Bd\";\"\";1;2;1;0;1;1;\"450\";\"\";500;1000;5;1;5;0;0;2;1;1;2;0;0;\"L\""
"332302;27;1;952.4478834;\"Bh\";\"\";1;2;1;0;1;1;\"450\";\"\";500;1000;5;1;5;0;0;2;1;1;2;0;0;\"L\""
"332306;9;1;753.586983;\"Bd\";\"\";2;0;1;2;1;1;\"100\";\"\";200;300;5;1;5;0;0;1;1;1;2;0;0;\"M\""
"332307;9;1;452.1521898;\"Lo\";\"\";2;0;1;0;1;1;\"100\";\"\";200;300;5;1;5;0;0;1;1;1;2;0;0;\"M\""
"332308;9;1;301.4347932;\"Lg\";\"\";2;0;1;0;1;1;\"100\";\"\";200;300;5;1;5;0;0;1;3;2;1;0;0;\"M\""
"332309;8;1;8074.3996284;\"Bd\";\"\";2;0;2;0;2;1;\"731\";\"\";500;1000;5;1;5;0;0;2;1;1;2;0;0;\"M\""
"332310;8;1;3460.4569836;\"Lo\";\"\";2;0;1;0;1;1;\"731\";\"\";500;1000;5;1;5;0;0;1;1;1;2;0;0;\"M\""
"332311;7;1;328.42822985;\"Bd\";\"\";2;0;2;3;3;1;\"700\";\"740\";200;500;5;1;5;0;0;2;1;1;2;0;0;\"M\""
"332312;7;1;140.75495565;\"Id\";\"\";2;0;3;0;3;1;\"700\";\"\";200;500;5;1;5;0;0;4;1;1;2;0;0;\"M\""
"332313;3;1;2365.5875264;\"Bd\";\"\";2;0;2;3;3;1;\"700\";\"457\";200;500;5;1;5;0;0;2;1;1;2;0;0;\"M\""
"332314;3;1;1013.8232256;\"Id\";\"\";2;0;3;0;3;1;\"700\";\"456\";200;500;5;1;5;0;0;4;1;1;2;0;0;\"M\""
"332315;9;1;4492.0946735;\"Bd\";\"\";2;0;2;3;3;1;\"711\";\"731\";200;1000;5;1;5;0;0;3;1;1;2;0;0;\"M\""
"332316;9;1;1925.1834315;\"Id\";\"\";1;2;3;4;3;1;\"711\";\"731\";200;1000;5;1;5;0;0;4;1;1;2;0;0;\"M\""
"332317;14;1;2374.3863381;\"Bd\";\"\";2;3;2;0;3;1;\"732\";\"\";200;500;5;1;5;0;0;2;1;1;2;0;0;\"M\""
"332318;14;1;1017.5941449;\"Id\";\"\";2;0;3;0;3;1;\"732\";\"\";200;500;5;1;5;0;0;4;1;1;2;0;0;\"M\""
"332319;13;1;1728.4132125;\"Bd\";\"\";2;0;2;3;3;1;\"730\";\"\";800;2000;5;1;5;0;0;2;1;1;2;0;0;\"M\""
"332320;13;1;518.52396375;\"Id\";\"\";2;0;3;4;3;1;\"730\";\"\";800;2000;5;1;5;0;0;4;1;1;2;0;0;\"M\""
"332321;13;1;518.52396375;\"Ie\";\"\";2;0;3;4;3;1;\"730\";\"\";800;2000;5;1;5;0;0;4;1;1;2;0;0;\"M\""
"332322;13;1;345.6826425;\"Be\";\"\";2;0;2;3;3;1;\"730\";\"\";800;2000;5;1;5;0;0;2;1;1;2;0;0;\"M\""
"332323;13;1;345.6826425;\"Lo\";\"\";2;0;1;0;1;1;\"730\";\"\";800;2000;5;1;2;4;0;1;1;1;2;0;0;\"M\""
"332324;3;1;228.1618276;\"Bd\";\"\";1;0;1;2;1;1;\"711\";\"\";200;500;5;1;5;0;0;3;1;1;2;0;0;\"M\""
"332325;3;1;97.7836404;\"Qc\";\"\";1;0;1;0;1;1;\"711\";\"\";200;500;5;1;5;0;0;1;1;1;2;0;0;\"M\""
"332326;5;1;2774.1573398;\"Bd\";\"\";2;1;1;2;1;1;\"731\";\"\";200;500;5;1;5;0;0;2;1;1;2;0;0;\"M\""
"332327;5;1;594.4622871;\"Bh\";\"\";2;1;1;2;1;1;\"731\";\"\";200;500;5;1;5;0;0;2;1;1;2;0;0;\"M\""
"332328;5;1;594.4622871;\"Pl\";\"\";2;1;1;2;1;1;\"731\";\"\";200;500;5;1;5;0;0;2;1;1;2;0;0;\"M\""
"332329;3;1;458.282532;\"Bd\";\"\";2;1;3;4;1;1;\"731\";\"740\";400;1200;5;1;5;0;0;2;1;1;2;0;0;\"M\""
"332330;3;1;274.9695192;\"Bh\";\"\";2;1;3;4;1;1;\"731\";\"740\";400;1200;5;1;5;0;0;2;1;1;2;0;0;\"M\""
"332331;3;1;183.3130128;\"Pl\";\"\";2;1;2;3;1;1;\"731\";\"\";400;1200;5;1;5;0;0;2;1;1;2;0;0;\"M\""
"332332;3;1;634.3861776;\"Bd\";\"\";2;1;3;0;1;1;\"740\";\"\";100;700;5;1;5;0;0;2;1;1;2;0;0;\"M\""
"332333;3;1;181.2531936;\"Bc\";\"\";2;0;2;0;1;1;\"740\";\"\";100;700;5;1;5;0;0;2;1;1;2;0;0;\"M\""
"332334;3;1;90.6265968;\"Ie\";\"\";2;1;3;4;3;1;\"740\";\"\";100;700;5;1;5;0;0;4;1;1;2;0;0;\"M\""
"332335;1;1;62.493844;\"Bd\";\"\";1;2;1;2;3;1;\"150\";\"\";100;300;5;1;5;0;0;1;1;1;2;0;0;\"M\""
"332336;1;1;26.783076;\"Jd\";\"\";1;2;1;0;1;1;\"150\";\"\";100;300;5;1;5;0;0;1;1;1;2;0;0;\"M\""
"332337;1;1;15.758241;\"Bd\";\"\";1;2;1;0;1;1;\"112\";\"\";100;200;5;1;5;0;0;1;1;1;2;0;0;\"M\""
"332338;1;1;9.4549446;\"Id\";\"\";1;2;1;2;1;1;\"112\";\"\";100;200;5;1;5;0;0;4;1;1;2;0;0;\"M\""
"332339;1;1;6.3032964;\"Bg\";\"\";2;0;1;0;1;1;\"112\";\"\";100;200;5;1;2;4;0;1;3;2;2;0;0;\"M\""
"332340;2;1;308.296144;\"Bh\";\"\";1;2;2;3;2;3;\"731\";\"\";400;1200;5;0;5;0;0;4;1;1;2;0;0;\"M\""
"332341;2;1;184.9776864;\"Pf\";\"\";1;0;2;3;2;3;\"731\";\"\";400;1200;5;0;5;0;0;3;1;1;2;0;0;\"L\""
"332342;2;1;61.6592288;\"Ph\";\"\";1;0;2;3;2;3;\"731\";\"\";400;1200;5;0;5;0;0;3;1;1;2;0;0;\"M\""
"332343;2;1;61.6592288;\"Dd\";\"\";2;0;2;0;3;1;\"150\";\"731\";400;1200;5;0;5;0;0;2;3;2;2;0;0;\"M\""
"332344;3;1;73.652479;\"Bh\";\"\";2;0;2;0;1;1;\"740\";\"\";1000;3000;5;0;5;0;0;2;1;1;2;0;0;\"M\""
"332345;3;1;29.4609916;\"Id\";\"\";2;0;3;4;1;1;\"740\";\"\";1000;3000;5;0;5;0;0;4;1;1;2;0;0;\"M\""
"332346;3;1;22.0957437;\"Bd\";\"\";2;0;2;3;1;1;\"740\";\"\";1000;3000;5;0;5;0;0;3;1;1;2;0;0;\"M\""
"332347;3;1;22.0957437;\"U\";\"\";2;0;3;4;1;1;\"740\";\"\";1000;3000;5;0;5;0;0;3;1;1;2;0;0;\"M\""
"332348;1;1;37.908444;\"Bh\";\"\";3;2;2;0;1;1;\"234\";\"\";1500;3000;5;1;5;0;0;2;1;1;2;0;0;\"M\""
"332349;1;1;22.7450664;\"Hc\";\"\";3;2;2;0;1;1;\"234\";\"\";1500;3000;5;1;5;0;0;2;1;1;2;0;0;\"L\""
"332350;1;1;15.1633776;\"Eo\";\"\";4;0;3;4;1;1;\"200\";\"\";1500;3000;5;1;5;0;0;3;1;1;2;0;0;\"M\""
"332351;4;1;297.98772;\"Bkh\";\"\";2;0;3;0;1;1;\"212\";\"\";800;1500;5;1;5;0;0;3;1;1;2;0;0;\"M\""
"332352;4;1;178.792632;\"Lk\";\"\";2;0;2;0;1;1;\"212\";\"\";800;1500;5;1;2;4;0;2;1;1;2;0;0;\"M\""
"332353;4;1;119.195088;\"Eo\";\"\";2;0;3;4;1;1;\"212\";\"\";800;1500;5;1;5;0;0;4;1;1;2;0;0;\"M\""
"332354;21;1;1743.5509715;\"Bkh\";\"\";3;0;3;4;1;1;\"212\";\"\";700;1500;5;1;5;0;0;3;1;1;2;0;0;\"M\""
"332355;21;1;1046.1305829;\"Ic\";\"\";3;0;3;4;1;1;\"212\";\"\";700;1500;5;1;5;0;0;4;1;1;2;0;0;\"M\""
"332356;21;1;697.4203886;\"Bk\";\"\";3;0;3;4;1;1;\"212\";\"\";700;1500;5;1;5;0;0;3;1;1;2;0;0;\"M\""
"332358;9;1;448.6891353;\"Beg\";\"\";3;4;2;0;4;1;\"312\";\"\";100;500;3;1;5;0;0;3;3;2;2;0;0;\"H\""
"332359;9;1;192.2953437;\"Be\";\"\";3;4;2;0;1;1;\"312\";\"\";100;500;3;1;5;0;0;1;1;1;2;0;0;\"H\""
"332360;3;1;282.106982;\"Beg\";\"\";2;0;1;2;3;1;\"300\";\"\";100;200;3;1;1;4;5;1;3;2;1;0;0;\"M\""
"332361;3;1;112.8427928;\"Lg\";\"\";2;0;1;0;1;1;\"520\";\"300\";100;200;3;1;2;4;0;1;3;2;1;0;0;\"M\""
"332362;3;1;84.6320946;\"Be\";\"\";2;0;2;3;3;1;\"300\";\"\";100;200;3;1;1;4;0;1;3;2;1;0;0;\"M\""
"332363;3;1;84.6320946;\"Bec\";\"\";4;0;2;3;3;1;\"312\";\"313\";100;200;3;1;2;5;0;1;1;1;2;0;0;\"M\""
"332364;22;1;2819.27212119;\"Beg\";\"\";4;2;1;2;1;1;\"312\";\"231\";250;450;3;1;2;5;4;1;3;2;1;0;0;\"H\""
"332365;22;1;1127.70884848;\"Lg\";\"\";2;3;1;0;1;1;\"510\";\"\";250;450;3;1;3;4;0;1;3;2;1;0;0;\"H\""
"332366;22;1;845.781636356;\"Bec\";\"\";4;0;1;2;1;1;\"212\";\"231\";250;450;3;1;5;0;0;1;1;1;1;0;0;\"H\""
"332367;22;1;845.781636356;\"Be\";\"\";4;0;1;2;1;1;\"212\";\"231\";250;450;3;1;5;0;0;1;1;1;1;0;0;\"H\""
"332368;14;1;1035.667205;\"Beg\";\"\";3;4;1;0;1;1;\"731\";\"741\";150;300;1;3;5;0;0;1;4;2;2;0;0;\"M\""
"332369;14;1;621.400323;\"Lo\";\"\";2;0;1;0;1;1;\"731\";\"741\";150;300;1;3;5;0;0;1;2;1;2;0;0;\"M\""
"332370;14;1;310.7001615;\"Dg\";\"\";2;0;1;0;1;1;\"731\";\"741\";150;300;1;3;5;0;0;1;3;2;2;0;0;\"M\""
"332371;13;1;494.631722;\"Beg\";\"\";4;0;1;2;1;1;\"231\";\"312\";200;300;1;3;1;5;0;1;1;2;1;0;0;\"H\""
"332372;13;1;296.7790332;\"Bk\";\"\";4;0;1;2;1;1;\"231\";\"\";200;300;1;3;5;0;0;1;1;2;1;0;0;\"H\""
"332373;13;1;197.8526888;\"Wd\";\"\";2;0;1;0;1;1;\"231\";\"312\";200;300;1;3;1;4;0;1;1;2;1;0;0;\"H\""
"332374;2;1;622.9815984;\"Beg\";\"\";2;4;1;2;1;1;\"312\";\"231\";200;250;1;3;2;4;5;1;3;2;1;0;0;\"H\""
"332375;2;1;266.9921136;\"Bk\";\"\";4;0;1;2;1;1;\"212\";\"231\";200;250;1;3;5;0;0;1;1;1;1;0;0;\"H\""
"332376;22;1;1437.514591;\"Bk\";\"\";4;2;1;0;1;1;\"232\";\"216\";150;300;3;1;5;0;0;1;1;2;1;0;0;\"H\""
"332377;7;1;908.5923905;\"Bk\";\"\";4;0;1;0;1;1;\"232\";\"\";0;700;3;1;5;0;0;1;1;1;2;0;0;\"L\""
"332378;22;1;1187.12572638;\"Bk\";\"\";4;2;1;2;1;1;\"212\";\"231\";0;400;3;1;5;0;0;1;3;2;1;0;0;\"L\""
"332379;22;1;712.275435825;\"Bec\";\"\";4;2;1;2;1;1;\"212\";\"231\";0;400;3;1;5;0;0;3;1;1;2;0;0;\"L\""
"332380;22;1;474.85029055;\"Eo\";\"\";2;0;2;3;4;3;\"212\";\"\";0;400;3;1;5;0;0;4;1;1;2;0;0;\"L\""
"332381;11;1;1240.085285;\"Bk\";\"\";4;0;1;2;1;1;\"230\";\"\";150;300;3;1;5;0;0;1;3;2;1;0;0;\"M\""
"332382;11;1;1240.085285;\"Bec\";\"\";4;0;1;2;1;1;\"230\";\"330\";150;300;3;1;5;0;0;1;1;1;2;0;0;\"M\""
"332383;5;1;164.083577;\"Bk\";\"\";4;0;2;0;3;1;\"232\";\"822\";200;300;1;5;5;0;0;2;1;1;2;0;0;\"M\""
"332384;5;1;98.4501462;\"Bec\";\"\";4;0;2;0;3;1;\"232\";\"822\";200;300;1;5;5;0;0;2;1;1;2;0;0;\"M\""
"332385;5;1;65.6334308;\"Ic\";\"\";4;0;3;0;3;1;\"230\";\"822\";200;300;1;5;5;0;0;4;1;1;2;0;0;\"M\""
"332386;6;1;723.781856;\"Bk\";\"\";4;0;1;2;1;1;\"231\";\"212\";50;150;3;1;5;0;0;1;1;1;2;0;0;\"M\""
"332387;6;1;434.2691136;\"Be\";\"\";4;0;1;0;1;1;\"231\";\"212\";50;150;3;1;5;0;0;1;1;1;2;0;0;\"M\""
"332388;6;1;289.5127424;\"Eo\";\"\";2;4;2;3;4;3;\"212\";\"\";50;150;3;1;5;0;0;4;1;1;2;0;0;\"M\""
"332389;13;1;1366.3943415;\"Bk\";\"\";4;0;1;2;1;1;\"231\";\"212\";0;300;3;1;5;0;0;1;1;2;1;0;0;\"M\""
"332390;13;1;546.5577366;\"Eo\";\"\";2;4;2;3;4;3;\"212\";\"\";0;300;3;1;5;0;0;4;1;1;2;0;0;\"M\""
"332391;13;1;409.91830245;\"Bkv\";\"\";4;0;1;2;1;1;\"312\";\"231\";0;300;3;1;2;5;0;1;3;2;1;0;0;\"M\""
"332392;13;1;409.91830245;\"Bec\";\"\";4;0;1;2;1;1;\"212\";\"231\";0;300;3;1;5;0;0;1;1;1;2;0;0;\"M\""
"332393;1;1;93.488808;\"Bk\";\"\";3;0;2;0;1;1;\"200\";\"\";200;300;3;1;5;0;0;3;1;1;2;0;0;\"L\""
"332394;1;1;93.488808;\"Be\";\"\";3;0;2;0;1;1;\"200\";\"\";200;300;3;1;5;0;0;2;1;1;2;0;0;\"L\""
"332395;5;1;576.285562;\"Bk\";\"\";2;4;1;2;1;1;\"220\";\"231\";75;150;3;1;5;0;0;1;1;1;2;0;0;\"M\""
"332396;5;1;576.285562;\"Lo\";\"\";2;1;1;0;1;1;\"411\";\"312\";75;150;3;1;4;4;0;1;2;1;2;0;0;\"M\""
"332397;12;1;484.7918995;\"Bk\";\"\";1;4;2;3;1;1;\"610\";\"311\";100;200;1;3;5;0;0;3;1;1;2;0;0;\"L\""
"332398;12;1;290.8751397;\"Be\";\"\";1;4;2;3;1;1;\"610\";\"311\";100;200;1;3;5;0;0;3;1;1;2;0;0;\"L\""
"332399;12;1;193.9167598;\"Re\";\"\";4;0;3;4;1;1;\"311\";\"\";100;200;1;3;5;0;0;3;1;1;2;0;0;\"L\""
"332400;10;1;435.8578035;\"Bk\";\"\";2;3;1;2;1;1;\"232\";\"313\";500;800;3;1;5;0;0;1;1;1;2;0;0;\"M\""
"332401;10;1;186.7962015;\"Bc\";\"\";2;3;1;2;1;1;\"313\";\"\";500;800;3;1;5;0;0;1;1;1;2;0;0;\"M\""
"332402;27;1;5018.212326;\"Bk\";\"\";4;2;1;2;1;1;\"630\";\"217\";200;300;3;1;5;0;0;1;1;1;2;0;0;\"H\""
"332403;27;1;3010.9273956;\"Eo\";\"\";4;2;1;3;4;3;\"213\";\"\";200;300;3;1;5;0;0;4;1;1;2;0;0;\"H\""
"332404;27;1;1003.6424652;\"Lo\";\"\";2;0;1;0;1;1;\"630\";\"\";200;300;3;1;2;4;0;1;3;1;2;0;0;\"M\""
"332405;27;1;501.8212326;\"Be\";\"\";4;0;1;2;1;1;\"630\";\"217\";200;300;3;1;5;0;0;1;1;1;2;0;0;\"M\""
"332406;27;1;501.8212326;\"Dg\";\"\";2;0;1;0;1;1;\"630\";\"\";200;300;3;1;2;4;0;1;3;2;1;0;0;\"M\""
"332407;11;1;480.793937;\"Bk\";\"\";2;0;1;2;1;1;\"213\";\"630\";100;300;3;1;5;0;0;3;1;1;2;0;0;\"H\""
"332408;11;1;288.4763622;\"Eo\";\"\";2;0;2;3;3;1;\"213\";\"\";100;300;3;1;5;0;0;4;1;1;2;0;0;\"H\""
"332409;11;1;192.3175748;\"Be\";\"\";2;0;1;2;1;1;\"213\";\"630\";100;300;3;1;5;0;0;2;1;1;2;0;0;\"H\""
"332410;19;1;1707.5366225;\"Bk\";\"\";4;0;1;2;1;1;\"232\";\"217\";200;300;3;1;5;0;0;1;1;1;2;0;0;\"H\""
"332411;19;1;1024.5219735;\"Eo\";\"\";4;2;1;3;4;3;\"215\";\"\";200;300;3;1;5;0;0;4;1;1;2;0;0;\"H\""
"332412;19;1;341.5073245;\"Bg\";\"\";4;0;1;2;1;1;\"232\";\"217\";200;300;3;1;5;0;0;1;1;2;1;0;0;\"M\""
"332413;19;1;341.5073245;\"Jc\";\"\";2;0;1;0;1;1;\"150\";\"\";200;300;3;1;5;0;0;1;1;1;1;0;0;\"H\""
"332414;3;1;1087.0454784;\"Bk\";\"\";4;0;1;2;3;1;\"212\";\"\";300;1000;8;0;5;0;0;3;1;1;2;0;0;\"H\""
"332415;3;1;310.5844224;\"Ic\";\"\";4;0;2;3;3;1;\"212\";\"\";300;1000;8;0;5;0;0;4;1;1;2;0;0;\"H\""
"332416;3;1;155.2922112;\"Bc\";\"\";4;0;1;0;1;1;\"330\";\"\";300;1000;8;0;5;0;0;2;1;1;2;0;0;\"H\""
"332417;24;1;2401.42429645;\"Bk\";\"\";2;0;1;2;3;1;\"210\";\"\";100;300;8;0;5;0;0;3;1;1;2;0;0;\"H\""
"332418;24;1;686.121227556;\"Lc\";\"\";2;1;1;0;1;1;\"210\";\"112\";100;300;8;0;5;0;0;1;1;1;2;0;0;\"H\""
"332419;24;1;343.060613778;\"Ic\";\"\";2;0;2;3;3;1;\"210\";\"\";100;300;8;0;5;0;0;4;1;1;2;0;0;\"H\""
"332420;1;1;295.657216;\"Bk\";\"\";2;4;2;3;1;1;\"231\";\"\";200;500;1;3;5;0;0;1;1;1;2;0;0;\"M\""
"332421;1;1;295.657216;\"Re\";\"\";2;4;3;4;1;1;\"231\";\"\";200;500;1;3;5;0;0;1;1;1;2;0;0;\"M\""
"332422;2;1;35.9011002;\"Bk\";\"\";2;0;1;0;1;1;\"111\";\"\";100;100;3;1;5;0;0;1;1;1;2;0;0;\"H\""
"332423;2;1;15.3861858;\"Ge\";\"\";2;0;1;0;1;1;\"\";\"\";100;100;3;1;2;4;0;1;1;3;2;0;0;\"M\""
"332424;5;1;175.805843;\"Bk\";\"\";2;4;3;4;3;1;\"234\";\"\";500;1000;1;5;5;0;0;3;1;1;2;0;0;\"H\""
"332425;5;1;105.4835058;\"Ic\";\"\";2;0;3;4;3;1;\"210\";\"\";500;1000;1;5;5;0;0;4;1;1;2;0;0;\"H\""
"332426;5;1;35.1611686;\"Eo\";\"\";2;4;3;4;4;3;\"210\";\"234\";500;1000;1;5;5;0;0;4;1;1;2;0;0;\"H\""
"332427;5;1;35.1611686;\"Be\";\"\";2;0;2;3;1;1;\"234\";\"\";500;1000;1;5;5;0;0;3;1;1;2;0;0;\"H\""
"332428;11;1;1104.57546063;\"Bkv\";\"\";4;0;2;3;1;1;\"231\";\"\";75;300;3;1;5;0;0;1;2;1;2;0;0;\"H\""
"332429;14;1;1063.345314;\"Bkv\";\"\";4;0;1;2;1;1;\"231\";\"\";300;300;3;1;5;0;0;1;2;1;2;0;0;\"H\""
"332430;14;1;1063.345314;\"Bec\";\"\";4;0;1;2;3;1;\"212\";\"\";300;300;3;1;5;0;0;3;1;1;2;0;0;\"H\""
"332431;11;1;1203.166594;\"Bkv\";\"\";4;0;1;2;1;1;\"231\";\"\";300;450;3;1;4;2;0;1;2;1;2;0;0;\"M\""
"332432;11;1;721.8999564;\"Bec\";\"\";4;0;1;2;1;1;\"231\";\"\";300;450;3;1;2;2;0;1;2;1;2;0;0;\"M\""
"332433;11;1;240.6333188;\"Lg\";\"\";2;3;1;0;1;1;\"510\";\"\";300;450;3;1;2;4;0;1;3;2;1;0;0;\"M\""
"332434;11;1;240.6333188;\"Beg\";\"\";4;0;1;2;1;1;\"231\";\"\";300;450;3;1;5;0;0;1;3;2;1;0;0;\"M\""
"332435;27;1;1165.60639275;\"Bc\";\"\";2;0;1;2;3;1;\"112\";\"\";100;200;3;1;5;0;0;2;1;1;2;0;0;\"H\""
"332436;27;1;699.36383565;\"Lc\";\"\";2;0;1;0;3;1;\"112\";\"\";100;200;3;1;2;4;0;1;1;1;2;0;0;\"H\""
"332437;27;1;466.2425571;\"Bk\";\"\";2;0;1;2;3;1;\"112\";\"\";100;200;3;1;5;0;0;3;1;1;2;0;0;\"H\""
"332438;3;1;59.1681937;\"Bc\";\"\";2;0;1;2;3;1;\"112\";\"\";100;200;3;1;5;0;0;2;1;1;2;0;0;\"H\""
"332439;3;1;25.3577973;\"Lc\";\"\";2;0;1;0;3;1;\"112\";\"\";100;200;3;1;2;4;0;1;1;1;2;0;0;\"H\""
"332440;1;1;267.25432;\"Bc\";\"\";2;0;1;2;1;1;\"330\";\"\";0;200;3;1;1;4;0;1;1;1;2;0;0;\"H\""
"332441;1;1;160.352592;\"Bck\";\"\";2;0;1;2;1;1;\"330\";\"\";0;200;3;1;5;0;0;1;1;1;2;0;0;\"H\""
"332442;1;1;53.450864;\"Lo\";\"\";2;0;1;0;1;1;\"330\";\"\";0;200;3;1;2;4;0;1;1;1;2;0;0;\"H\""
"332443;1;1;53.450864;\"Lc\";\"\";2;0;1;0;1;1;\"330\";\"\";0;200;3;1;2;4;0;1;1;1;2;0;0;\"H\""
"332444;16;1;2223.91790698;\"Bc\";\"\";2;0;2;3;1;1;\"700\";\"\";0;400;9;0;5;0;0;2;1;1;2;0;0;\"M\""
"332445;16;1;953.107674422;\"I\";\"\";2;0;3;4;3;1;\"700\";\"\";0;400;9;0;5;0;0;4;1;1;2;0;0;\"M\""
"332446;14;1;2590.64691275;\"Bcc\";\"\";2;4;1;2;3;1;\"212\";\"\";20;500;3;1;5;0;0;3;1;1;2;0;0;\"M\""
"332447;14;1;1554.38814765;\"Bk\";\"\";3;4;1;2;3;1;\"212\";\"\";20;500;3;1;5;0;0;3;1;1;2;0;0;\"M\""
"332448;14;1;1036.2587651;\"Ic\";\"\";4;0;2;3;3;1;\"212\";\"\";20;500;3;1;5;0;0;4;1;1;2;0;0;\"M\""
"332449;13;1;1074.626812;\"Bcc\";\"\";2;4;1;2;3;1;\"212\";\"\";0;500;3;1;5;0;0;3;1;1;2;0;0;\"H\""
"332450;13;1;644.7760872;\"Bc\";\"\";4;0;1;0;3;1;\"212\";\"\";0;500;3;1;5;0;0;2;1;1;2;0;0;\"H\""
"332451;13;1;429.8507248;\"Lc\";\"\";3;0;1;0;1;1;\"520\";\"\";0;500;3;1;3;4;0;1;1;1;2;0;0;\"H\""
"332456;93;1;9478.9057713;\"Lo\";\"\";3;0;1;0;1;1;\"520\";\"\";50;250;3;5;5;0;0;1;1;1;2;0;0;\"H\""
"332457;93;1;2708.2587918;\"Je\";\"\";2;3;1;0;1;1;\"110\";\"\";50;250;3;5;5;0;0;1;2;1;2;0;0;\"H\""
"332458;93;1;677.06469795;\"Lg\";\"\";3;0;1;0;1;1;\"520\";\"\";50;250;3;5;5;0;0;1;3;2;1;0;0;\"H\""
"332459;93;1;406.23881877;\"Ql\";\"\";1;0;3;0;1;1;\"412\";\"\";50;250;3;5;5;0;0;1;1;1;2;0;0;\"H\""
"332460;4;1;441.978468;\"Lo\";\"\";2;0;1;2;1;1;\"500\";\"\";200;500;3;5;5;0;0;1;1;1;2;0;0;\"M\""
"332461;25;1;3144.8516465;\"Lo\";\"\";3;2;1;2;1;1;\"520\";\"\";50;150;3;5;5;0;0;1;1;1;2;0;0;\"H\""
"332462;25;1;1886.9109879;\"Bec\";\"\";3;4;2;3;4;3;\"220\";\"\";50;150;3;5;5;0;0;1;1;1;2;0;0;\"H\""
"332463;25;1;943.45549395;\"Be\";\"\";4;5;2;3;3;1;\"331\";\"\";50;150;3;5;2;5;0;1;1;1;2;0;0;\"H\""
"332464;12;1;225.50100825;\"Lo\";\"\";3;0;1;2;1;1;\"333\";\"\";350;350;3;5;2;4;0;1;1;1;2;0;0;\"H\""
"332465;12;1;135.30060495;\"Bec\";\"\";3;4;2;3;4;3;\"212\";\"\";350;350;3;5;5;0;0;3;1;1;2;0;0;\"H\""
"332466;12;1;90.2004033;\"Be\";\"\";4;0;2;0;3;1;\"333\";\"212\";350;350;3;5;5;0;0;2;1;1;2;0;0;\"M\""
"332467;10;1;614.532016875;\"Lo\";\"\";3;0;1;0;1;1;\"520\";\"\";50;150;3;1;5;0;0;1;1;1;2;0;0;\"M\""
"332468;10;1;245.81280675;\"Je\";\"\";3;0;1;0;1;1;\"110\";\"150\";50;150;3;1;5;0;0;1;2;2;1;0;0;\"M\""
"332469;10;1;184.359605062;\"Lg\";\"\";3;0;1;0;1;1;\"520\";\"\";50;150;3;1;5;0;0;1;3;2;1;0;0;\"M\""
"332470;10;1;184.359605062;\"De\";\"\";3;0;1;0;1;1;\"520\";\"\";50;150;3;1;5;0;0;1;3;2;1;0;0;\"M\""
"332471;4;1;351.620104;\"Lo\";\"\";3;2;1;0;1;1;\"520\";\"\";0;200;3;5;5;0;0;1;1;1;2;0;0;\"M\""
"332472;4;1;210.9720624;\"Be\";\"\";4;5;2;3;3;1;\"331\";\"\";0;200;3;5;2;5;0;1;1;1;2;0;0;\"M\""
"332473;4;1;140.6480416;\"Eo\";\"\";3;4;3;0;4;3;\"220\";\"\";0;200;3;5;5;0;0;1;1;1;2;0;0;\"M\""
"332477;2;1;147.652188;\"Lo\";\"\";1;3;2;3;1;1;\"740\";\"630\";0;1000;3;1;2;2;0;1;2;1;2;0;0;\"M\""
"332478;2;1;88.5913128;\"Bd\";\"\";1;2;3;0;1;1;\"740\";\"630\";0;1000;3;1;5;0;0;2;2;1;2;0;0;\"M\""
"332479;2;1;59.0608752;\"Be\";\"\";3;2;3;0;1;1;\"740\";\"630\";0;1000;3;1;5;0;0;2;2;1;2;0;0;\"M\""
"332480;5;1;2336.956944;\"Lo\";\"\";3;2;1;0;1;1;\"520\";\"500\";0;300;3;1;5;0;0;1;1;1;2;0;0;\"H\""
"332481;5;1;667.701984;\"De\";\"\";3;2;1;0;1;1;\"500\";\"\";0;300;3;1;5;0;0;1;3;2;1;0;0;\"M\""
"332482;5;1;333.850992;\"Bdg\";\"\";3;2;1;0;1;1;\"500\";\"\";0;300;3;1;5;0;0;1;4;2;1;0;0;\"M\""
"332483;7;1;449.397404;\"Lo\";\"\";2;3;1;2;3;1;\"512\";\"\";150;400;3;1;2;4;5;1;1;1;2;0;0;\"M\""
"332484;7;1;269.6384424;\"Lg\";\"\";2;3;1;0;3;1;\"512\";\"\";150;400;3;1;2;4;5;1;1;2;2;0;0;\"M\""
"332485;7;1;179.7589616;\"De\";\"\";2;3;1;0;3;1;\"512\";\"\";150;400;3;1;2;4;0;1;1;2;2;0;0;\"L\""
"332486;7;1;979.024954;\"Lo\";\"\";1;2;1;0;1;1;\"112\";\"\";20;100;3;1;2;2;0;1;1;1;2;0;0;\"L\""
"332487;7;1;587.4149724;\"Lg\";\"\";1;2;1;0;1;1;\"112\";\"\";20;100;3;1;2;2;4;1;3;2;1;0;0;\"L\""
"332488;7;1;391.6099816;\"Be\";\"\";2;0;1;2;1;1;\"112\";\"\";20;100;3;1;5;0;0;1;1;1;2;0;0;\"L\""
"332489;3;1;167.7230765;\"Lo\";\"\";1;0;1;0;20;2;\"332\";\"\";20;500;3;5;3;4;0;2;2;1;2;0;0;\"M\""
"332490;3;1;71.8813185;\"Bec\";\"\";2;4;2;0;1;1;\"212\";\"\";20;500;3;5;5;0;0;2;1;1;2;0;0;\"M\""
"332491;6;1;806.8207915;\"Lo\";\"\";2;1;1;0;2;3;\"514\";\"\";20;500;3;1;2;4;5;1;2;2;2;0;0;\"L\""
"332492;6;1;484.0924749;\"Bc\";\"\";2;4;2;0;3;1;\"331\";\"212\";20;500;3;1;5;0;0;2;1;1;2;0;0;\"L\""
"332493;6;1;161.3641583;\"Lc\";\"\";2;0;1;0;2;3;\"331\";\"212\";20;500;3;1;2;4;5;1;1;1;2;0;0;\"L\""
"332494;6;1;161.3641583;\"La\";\"\";1;2;1;0;2;3;\"413\";\"331\";20;500;3;1;2;4;5;1;2;2;2;0;0;\"M\""
"332497;3;1;401.504551;\"Lo\";\"\";2;3;2;3;1;1;\"500\";\"\";500;1000;3;5;5;0;0;1;1;1;2;0;0;\"M\""
"332498;3;1;172.073379;\"Bkh\";\"\";3;4;2;3;1;1;\"212\";\"\";500;1000;3;5;5;0;0;3;1;1;2;0;0;\"M\""
"332499;28;1;3528.88361888;\"Lo\";\"\";2;3;1;2;1;1;\"521\";\"130\";100;500;3;5;5;0;0;1;1;1;2;0;0;\"M\""
"332500;28;1;1008.25246254;\"Be\";\"\";2;4;0;0;1;1;\"130\";\"212\";100;500;3;5;5;0;0;1;1;1;2;0;0;\"M\""
"332501;28;1;504.126231269;\"Bk\";\"\";3;4;2;3;1;1;\"212\";\"\";100;500;3;5;5;0;0;3;1;1;2;0;0;\"M\""
"332502;3;1;578.545646;\"Lo\";\"\";1;2;1;0;3;1;\"332\";\"\";100;200;3;1;2;2;4;1;2;1;2;0;0;\"M\""
"332503;3;1;165.298756;\"Bd\";\"\";1;0;2;0;3;1;\"332\";\"\";100;200;3;1;4;2;0;1;1;1;2;0;0;\"M\""
"332504;3;1;82.649378;\"Id\";\"\";2;4;3;0;3;1;\"212\";\"\";100;200;3;1;5;0;0;4;1;1;2;0;0;\"M\""
"332505;3;1;1601.353968;\"Lo\";\"\";1;2;2;0;3;1;\"741\";\"731\";500;1000;3;1;1;2;4;2;1;1;2;0;0;\"M\""
"332506;3;1;960.8123808;\"Bd\";\"\";1;2;2;0;3;1;\"741\";\"731\";500;1000;3;1;5;0;0;3;1;1;2;0;0;\"M\""
"332507;3;1;640.5415872;\"Id\";\"\";1;2;2;3;3;1;\"741\";\"731\";500;1000;3;1;5;0;0;4;1;1;2;0;0;\"M\""
"332508;3;1;523.96368;\"Lo\";\"\";1;2;1;2;1;1;\"332\";\"\";200;400;3;1;3;2;4;1;2;1;2;0;0;\"M\""
"332509;3;1;314.378208;\"Bc\";\"\";2;4;2;3;1;1;\"212\";\"\";200;400;3;1;5;0;0;3;1;1;2;0;0;\"M\""
"332510;3;1;209.585472;\"Bcc\";\"\";2;4;2;3;1;1;\"212\";\"\";200;400;3;1;5;0;0;3;1;1;2;0;0;\"M\""
"332511;1;1;150.1685696;\"Lo\";\"\";2;3;1;2;3;1;\"745\";\"\";100;300;3;1;5;0;0;1;1;1;2;0;0;\"M\""
"332512;1;1;64.3579584;\"Bd\";\"\";2;3;2;3;3;1;\"745\";\"\";100;300;3;1;5;0;0;2;1;1;2;0;0;\"M\""
"332513;2;1;89.5914558;\"Lo\";\"\";2;4;1;0;3;1;\"422\";\"232\";100;300;3;5;1;4;0;1;2;1;2;0;0;\"L\""
"332514;2;1;38.3963382;\"Be\";\"\";3;4;1;0;1;1;\"232\";\"\";100;300;3;5;5;0;0;1;1;1;2;0;0;\"L\""
"332515;11;1;492.4598214;\"Lo\";\"\";2;0;1;0;1;1;\"112\";\"\";100;300;3;1;5;0;0;1;2;1;2;0;0;\"M\""
"332516;11;1;164.1532738;\"Bd\";\"\";2;0;2;0;1;1;\"112\";\"\";100;300;3;1;5;0;0;1;1;1;2;0;0;\"M\""
"332518;11;1;164.1532738;\"Gd\";\"\";2;0;1;0;1;1;\"112\";\"\";100;300;3;1;5;0;0;1;1;2;1;0;0;\"M\""
"332519;33;1;980.54010495;\"Lc\";\"\";2;0;1;0;1;1;\"112\";\"\";75;300;3;1;5;0;0;1;1;1;2;0;0;\"M\""
"332520;33;1;54.474450275;\"Rc\";\"\";2;0;0;0;1;1;\"112\";\"\";75;300;3;1;5;0;0;1;1;1;2;0;0;\"M\""
"332521;33;1;54.474450275;\"Bk\";\"\";2;0;0;0;1;1;\"112\";\"\";75;300;3;1;5;0;0;1;1;1;2;0;0;\"M\""
"332522;8;1;596.347796;\"Lc\";\"\";3;0;1;0;1;1;\"330\";\"520\";20;500;3;1;2;4;0;1;1;1;2;0;0;\"H\""
"332523;8;1;357.8086776;\"Bc\";\"\";3;4;1;2;1;1;\"330\";\"\";20;500;3;1;5;0;0;2;1;1;2;0;0;\"H\""
"332524;8;1;238.5391184;\"Eo\";\"\";3;4;2;0;3;1;\"212\";\"\";20;500;3;1;5;0;0;3;1;1;2;0;0;\"H\""
"332525;7;1;1063.121006;\"Lc\";\"\";2;3;1;0;1;1;\"330\";\"212\";200;800;8;5;3;4;0;2;1;1;2;0;0;\"H\""
"332526;7;1;637.8726036;\"Eo\";\"\";2;3;2;3;4;3;\"212\";\"\";200;800;8;5;5;0;0;4;1;1;2;0;0;\"H\""
"332527;7;1;425.2484024;\"Ic\";\"\";2;3;3;0;3;1;\"212\";\"\";200;800;8;5;5;0;0;4;1;1;2;0;0;\"H\""
"332528;6;1;336.5518793;\"Lc\";\"\";2;3;1;2;3;1;\"112\";\"522\";100;200;3;1;5;0;0;1;1;1;2;0;0;\"M\""
"332529;6;1;96.1576798;\"Lo\";\"\";2;3;1;0;1;1;\"522\";\"150\";100;200;3;1;5;0;0;1;1;1;2;0;0;\"M\""
"332530;6;1;48.0788399;\"Lg\";\"\";2;3;1;0;20;1;\"522\";\"\";100;200;3;1;5;0;0;2;3;2;1;0;0;\"M\""
"332531;2;1;3.39998075;\"Lc\";\"\";3;0;1;0;1;1;\"112\";\"\";100;300;3;1;5;0;0;1;1;1;2;0;0;\"M\""
"332532;2;1;2.03998845;\"Lo\";\"\";3;0;1;0;1;1;\"112\";\"\";100;300;3;1;5;0;0;1;1;1;2;0;0;\"M\""
"332533;2;1;0.67999615;\"Be\";\"\";3;0;1;2;1;1;\"112\";\"\";100;300;3;1;5;0;0;1;1;1;2;0;0;\"M\""
"332534;2;1;0.67999615;\"Lg\";\"\";3;0;1;0;1;1;\"112\";\"\";100;300;3;1;5;0;0;1;3;2;2;0;0;\"M\""
"332535;4;1;226.137836;\"Lc\";\"\";2;1;1;0;1;1;\"452\";\"340\";200;700;3;1;5;0;0;2;1;1;2;0;0;\"M\""
"332536;4;1;135.6827016;\"Lg\";\"\";2;0;0;0;1;1;\"452\";\"340\";200;700;3;1;2;4;0;2;3;2;2;0;0;\"M\""
"332537;4;1;90.4551344;\"Wd\";\"\";2;0;0;0;1;1;\"452\";\"340\";200;700;3;1;1;4;0;2;4;2;2;0;0;\"M\""
"332538;2;1;69.6419416;\"Lc\";\"\";1;0;1;0;3;1;\"112\";\"\";50;100;3;1;1;2;0;1;1;1;2;0;0;\"M\""
"332539;2;1;29.8465464;\"Bcc\";\"\";2;0;1;0;3;1;\"112\";\"\";50;100;3;1;5;0;0;1;1;1;2;0;0;\"M\""
"332540;1;1;276.845824;\"La\";\"\";3;2;1;0;1;1;\"521\";\"\";200;300;3;1;5;0;0;1;3;2;1;0;0;\"H\""
"332541;1;1;276.845824;\"Bg\";\"\";2;0;2;0;3;1;\"131\";\"\";200;300;3;1;5;0;0;1;4;2;2;0;0;\"H\""
"332542;1;1;200.95368;\"La\";\"\";3;2;2;0;1;1;\"510\";\"\";0;100;3;1;2;4;0;1;2;2;1;0;0;\"H\""
"332543;1;1;120.572208;\"Po\";\"\";1;0;1;0;1;1;\"600\";\"\";0;100;3;1;4;2;0;3;2;1;2;0;0;\"H\""
"332544;1;1;80.381472;\"Lg\";\"\";2;0;1;2;1;1;\"510\";\"\";0;100;3;1;2;4;0;1;3;2;1;0;0;\"H\""
"332545;39;1;2927.2234302;\"Lg\";\"\";2;3;1;0;1;1;\"511\";\"\";50;350;1;3;3;4;0;1;3;2;1;0;0;\"M\""
"332546;39;1;325.2470478;\"Lo\";\"\";2;3;1;2;1;1;\"511\";\"\";50;350;1;3;5;0;0;1;2;1;2;0;0;\"M\""
"332549;29;1;3895.563424;\"Lg\";\"\";3;2;1;2;3;1;\"500\";\"\";350;450;3;1;5;0;0;1;3;2;1;0;0;\"M\""
"332550;29;1;2337.3380544;\"Beg\";\"\";3;4;2;3;3;1;\"331\";\"\";350;450;3;1;1;4;5;1;4;2;2;0;0;\"M\""
"332551;29;1;779.1126848;\"De\";\"\";3;2;1;2;3;1;\"500\";\"\";350;450;3;1;5;0;0;1;3;2;1;0;0;\"M\""
"332552;29;1;779.1126848;\"Lo\";\"\";3;2;1;0;1;1;\"500\";\"\";350;450;3;1;5;0;0;1;2;1;2;0;0;\"M\""
"332553;5;1;945.02308;\"Lg\";\"\";2;0;1;0;1;1;\"500\";\"412\";75;150;1;3;5;0;0;1;3;2;1;0;0;\"M\""
"332554;5;1;567.013848;\"Lo\";\"\";2;0;1;0;1;1;\"500\";\"412\";75;150;1;3;5;0;0;1;2;1;2;0;0;\"M\""
"332555;5;1;378.009232;\"Qld\";\"\";1;0;2;0;1;1;\"412\";\"\";75;150;1;3;4;2;0;1;2;1;2;0;0;\"M\""
"332558;6;1;288.4321188;\"Lg\";\"\";3;0;1;0;1;1;\"520\";\"\";150;200;1;3;5;0;0;1;3;2;2;0;0;\"M\""
"332559;6;1;123.6137652;\"Dg\";\"\";3;0;1;0;1;1;\"520\";\"\";150;200;1;3;4;4;0;1;3;2;2;0;0;\"M\""
"332560;3;1;802.219007;\"Lg\";\"\";1;2;1;0;1;1;\"412\";\"313\";150;200;3;1;2;2;4;1;3;2;1;0;0;\"M\""
"332561;3;1;481.3314042;\"Dg\";\"\";1;2;1;0;1;1;\"412\";\"313\";150;200;3;1;2;2;4;1;3;2;1;0;0;\"M\""
"332562;3;1;320.8876028;\"Po\";\"\";1;0;1;0;1;1;\"412\";\"\";150;200;3;1;3;2;0;3;2;1;2;0;0;\"M\""
"332563;6;1;189.923221;\"Lg\";\"\";2;0;1;2;1;1;\"741\";\"\";20;200;3;1;5;0;0;2;0;2;2;0;0;\"L\""
"332564;6;1;113.9539326;\"Bd\";\"\";2;0;2;3;1;1;\"741\";\"\";20;200;3;1;5;0;0;3;1;1;2;0;0;\"L\""
"332565;6;1;75.9692884;\"La\";\"\";2;0;1;2;1;1;\"741\";\"\";20;200;3;1;5;0;0;2;3;1;2;0;0;\"L\""
"332566;6;1;417.0249944;\"Lg\";\"\";2;0;1;2;1;1;\"711\";\"313\";200;300;3;1;2;4;0;2;4;2;1;0;0;\"M\""
"332567;6;1;119.1499984;\"Bg\";\"\";2;1;2;0;2;3;\"711\";\"\";200;300;3;1;5;0;0;3;3;2;1;0;0;\"H\""
"332568;6;1;59.5749992;\"Bd\";\"\";2;1;2;3;2;1;\"711\";\"\";200;300;3;1;5;0;0;4;1;1;2;0;0;\"H\""
"332569;4;1;151.9715425;\"Lg\";\"\";3;0;1;2;1;1;\"510\";\"520\";0;100;3;1;4;4;0;1;3;2;2;0;0;\"M\""
"332570;4;1;91.1829255;\"Bec\";\"\";3;4;2;0;1;1;\"220\";\"\";0;100;3;1;5;0;0;1;1;1;2;0;0;\"M\""
"332571;4;1;30.3943085;\"E\";\"\";3;4;2;0;1;1;\"220\";\"\";0;100;3;1;5;0;0;1;1;1;2;0;0;\"M\""
"332572;4;1;30.3943085;\"Lc\";\"\";3;0;1;2;1;1;\"510\";\"\";0;100;3;1;3;4;0;1;1;1;2;0;0;\"M\""
"332573;8;1;1680.9419396;\"Lg\";\"\";2;0;0;2;1;1;\"514\";\"332\";20;500;3;1;3;4;0;1;3;2;2;0;0;\"L\""
"332574;8;1;480.2691256;\"Wd\";\"\";2;1;1;0;1;1;\"332\";\"\";20;500;3;1;1;4;0;1;4;2;2;0;0;\"L\""
"332575;8;1;240.1345628;\"Bd\";\"\";2;0;1;2;1;1;\"332\";\"\";20;500;3;1;5;0;0;1;2;1;2;0;0;\"L\""
"332576;2;1;292.54372;\"Lg\";\"\";2;0;2;0;1;1;\"740\";\"111\";-999;-999;3;1;5;0;0;1;3;2;2;0;0;\"M\""
"332577;2;1;125.37588;\"Pof\";\"\";1;0;2;3;1;1;\"711\";\"730\";-999;-999;3;1;5;0;0;1;1;1;2;0;0;\"M\""
"332578;25;1;1391.07205325;\"D\";\"\";3;2;1;2;1;1;\"520\";\"\";100;250;3;1;5;0;0;1;3;2;1;0;0;\"H\""
"332579;25;1;556.4288213;\"Lo\";\"\";3;2;1;2;1;1;\"520\";\"\";100;250;3;1;5;0;0;1;2;1;1;0;0;\"M\""
"332580;25;1;417.321615975;\"Lg\";\"\";3;2;1;2;1;1;\"520\";\"\";100;250;3;1;5;0;0;1;3;2;1;0;0;\"H\""
"332581;25;1;417.321615975;\"Be\";\"\";4;5;2;3;3;1;\"331\";\"\";100;250;3;1;5;0;0;1;1;1;2;0;0;\"H\""
"332582;8;1;377.4627216;\"D\";\"\";2;3;1;0;1;1;\"522\";\"\";50;150;3;1;5;0;0;1;3;2;1;0;0;\"M\""
"332583;8;1;20.9701512;\"Lg\";\"\";2;3;1;0;1;1;\"522\";\"\";50;150;3;1;5;0;0;1;3;2;1;0;0;\"M\""
"332584;8;1;20.9701512;\"Lo\";\"\";2;3;1;0;1;1;\"522\";\"\";50;150;3;1;5;0;0;1;2;1;2;0;0;\"M\""
"332585;2;1;173.384272;\"D\";\"\";3;0;1;2;3;1;\"500\";\"\";150;200;3;1;5;0;0;1;3;2;2;0;0;\"H\""
"332586;2;1;104.0305632;\"Bd\";\"\";3;4;2;3;3;1;\"111\";\"\";150;200;3;1;2;5;0;1;1;1;2;0;0;\"H\""
"332587;2;1;69.3537088;\"Lg\";\"\";3;0;1;2;3;1;\"500\";\"\";150;200;3;1;5;0;0;1;3;2;2;0;0;\"H\""
"332588;20;1;933.859873975;\"D\";\"\";2;3;1;0;1;1;\"522\";\"457\";50;150;3;1;5;0;0;1;3;2;1;0;0;\"M\""
"332589;20;1;266.81710685;\"Lo\";\"\";2;3;1;0;1;1;\"450\";\"457\";50;150;3;1;5;0;0;1;1;1;2;0;0;\"M\""
"332590;20;1;133.408553425;\"Bd\";\"\";2;0;2;0;3;1;\"522\";\"457\";50;150;3;1;5;0;0;1;1;1;2;0;0;\"M\""
"332591;60;1;3929.98721605;\"De\";\"\";2;3;1;0;1;1;\"112\";\"\";100;300;3;1;2;4;0;1;3;2;1;0;0;\"M\""
"332592;60;1;1122.8534903;\"Lg\";\"\";2;3;1;0;1;1;\"112\";\"\";100;300;3;1;5;0;0;1;3;2;1;0;0;\"M\""
"332593;60;1;561.42674515;\"Be\";\"\";4;0;2;0;1;1;\"112\";\"\";100;300;3;1;5;0;0;1;1;1;2;0;0;\"M\""
"332594;46;1;1172.11856265;\"De\";\"\";2;3;1;0;1;1;\"630\";\"\";100;300;3;1;2;4;0;1;3;2;1;0;0;\"M\""
"332595;46;1;334.8910179;\"Lo\";\"\";2;3;1;0;1;1;\"630\";\"\";100;300;3;1;5;0;0;1;2;1;2;0;0;\"M\""
"332596;46;1;167.44550895;\"Be\";\"\";4;0;2;0;1;1;\"630\";\"\";100;300;3;1;5;0;0;1;1;1;2;0;0;\"M\""
"332597;4;1;179.708268;\"De\";\"\";2;0;1;2;1;1;\"520\";\"\";100;700;3;1;5;0;0;1;3;2;2;0;0;\"M\""
"332598;4;1;107.8249608;\"Bk\";\"\";4;0;1;2;1;1;\"231\";\"\";100;700;3;1;5;0;0;1;1;1;2;0;0;\"M\""
"332599;4;1;71.8833072;\"Wd\";\"\";2;0;1;0;1;1;\"520\";\"\";100;700;3;1;1;4;0;1;4;2;2;0;0;\"M\""
"332600;9;1;341.8733731;\"De\";\"\";3;0;1;0;1;1;\"112\";\"500\";100;300;3;1;5;0;0;1;2;2;1;0;0;\"M\""
"332601;9;1;97.6781066;\"Lo\";\"\";3;0;1;0;1;1;\"112\";\"500\";100;300;3;1;5;0;0;1;2;1;2;0;0;\"M\""
"332602;9;1;48.8390533;\"Bk\";\"\";4;0;2;0;3;1;\"213\";\"\";100;300;3;1;5;0;0;1;1;1;2;0;0;\"M\""
"332603;1;1;37.522856;\"Dd\";\"\";2;0;1;0;1;1;\"131\";\"130\";200;300;3;1;5;0;0;1;3;2;2;0;0;\"M\""
"332604;1;1;37.522856;\"Bd\";\"\";2;0;2;0;3;1;\"131\";\"130\";200;300;3;1;5;0;0;1;1;1;2;0;0;\"M\""
"332605;7;1;629.90960125;\"Dd\";\"\";2;0;1;0;3;1;\"332\";\"\";100;700;1;5;2;4;5;1;3;2;2;0;0;\"L\""
"332606;7;1;377.94576075;\"Lg\";\"\";2;0;1;0;3;1;\"332\";\"\";100;700;1;5;2;4;5;1;3;2;2;0;0;\"L\""
"332607;7;1;251.9638405;\"Wd\";\"\";2;0;1;0;3;1;\"332\";\"\";100;700;1;5;1;4;5;1;4;2;2;0;0;\"L\""
"332608;25;1;614.14010725;\"Dd\";\"\";2;0;1;0;1;1;\"514\";\"\";75;300;5;1;5;0;0;1;3;2;1;0;0;\"M\""
"332609;25;1;614.14010725;\"Po\";\"\";1;0;1;2;1;1;\"430\";\"\";75;300;5;1;5;0;0;1;1;1;2;0;0;\"M\""
"332610;16;1;1451.38049674;\"Dd\";\"\";2;3;1;2;1;1;\"520\";\"\";100;200;1;5;5;0;0;1;2;2;1;0;0;\"M\""
"332611;16;1;414.680141925;\"Wd\";\"\";2;0;0;0;1;1;\"312\";\"\";100;200;1;5;1;4;0;1;4;2;1;0;0;\"M\""
"332612;16;1;207.340070963;\"Lo\";\"\";2;3;1;2;1;1;\"520\";\"\";100;200;1;5;5;0;0;1;2;1;2;0;0;\"M\""
"332613;21;1;3402.055916;\"Dg\";\"\";2;0;1;0;1;1;\"600\";\"112\";200;300;3;1;2;4;0;1;3;2;1;0;0;\"M\""
"332614;21;1;2041.2335496;\"Lg\";\"\";2;0;1;2;1;1;\"600\";\"112\";200;300;3;1;2;4;0;1;3;2;1;0;0;\"M\""
"332615;21;1;1360.8223664;\"Lo\";\"\";2;0;1;2;1;1;\"600\";\"112\";200;300;3;1;5;0;0;1;2;1;2;0;0;\"M\""
"332616;14;1;354.864512475;\"Po\";\"\";1;0;3;4;3;1;\"450\";\"700\";1000;1300;5;0;5;0;0;2;1;1;2;0;0;\"H\""
"332617;14;1;19.7146951375;\"I\";\"\";1;0;3;4;3;1;\"700\";\"\";1000;1300;5;0;5;0;0;4;1;1;2;0;0;\"M\""
"332618;14;1;19.7146951375;\"U\";\"\";1;2;3;4;3;1;\"700\";\"\";1000;1300;5;0;5;0;0;3;1;1;2;0;0;\"M\""
"332619;3;1;4246.315146;\"Poh\";\"\";1;0;1;0;1;1;\"430\";\"420\";0;100;5;3;5;0;0;2;2;2;1;0;0;\"H\""
"332620;3;1;471.812794;\"Po\";\"\";1;0;1;0;1;1;\"430\";\"420\";0;100;5;3;5;0;0;1;3;3;1;0;0;\"M\""
"332621;16;1;420.96129425;\"Po\";\"\";1;2;2;4;1;1;\"450\";\"422\";300;450;5;0;5;0;0;3;1;1;2;0;0;\"M\""
"332622;16;1;60.13732775;\"Pl\";\"\";1;2;2;3;1;1;\"450\";\"422\";300;450;5;0;5;0;0;3;1;1;2;0;0;\"M\""
"332623;16;1;60.13732775;\"Bds\";\"\";1;2;1;2;1;1;\"422\";\"450\";300;450;5;0;2;2;0;3;3;2;2;0;0;\"M\""
"332624;22;1;486.6194277;\"Po\";\"\";1;0;2;3;1;1;\"412\";\"\";0;200;5;3;5;0;0;3;1;1;2;0;0;\"M\""
"332625;22;1;208.5511833;\"Ql\";\"\";1;0;2;3;1;1;\"412\";\"\";0;200;5;3;5;0;0;1;1;1;2;0;0;\"L\""
"332626;6;1;2760.6349176;\"Pl\";\"\";1;0;1;2;1;1;\"600\";\"\";75;150;5;3;4;2;0;1;2;2;2;0;0;\"L\""
"332627;6;1;1183.1292504;\"G\";\"\";2;0;1;0;1;1;\"600\";\"\";75;150;5;3;2;4;0;1;3;3;2;0;0;\"L\""
"332628;4;1;2357.8092272;\"Po\";\"\";1;0;1;0;1;1;\"430\";\"412\";0;100;5;3;5;0;0;2;1;1;2;0;0;\"M\""
"332629;4;1;1010.4896688;\"De\";\"\";2;1;1;0;1;1;\"112\";\"\";0;100;5;3;1;0;2;1;1;1;2;0;0;\"L\""
"332630;1;1;180.9398864;\"Poh\";\"\";1;0;1;3;1;1;\"412\";\"450\";150;200;5;3;5;0;0;3;1;1;2;0;0;\"H\""
"332631;1;1;38.7728328;\"Ql\";\"\";1;0;1;3;1;1;\"412\";\"\";150;200;5;3;5;0;0;1;1;1;2;0;0;\"M\""
"332632;1;1;38.7728328;\"I\";\"\";1;0;1;3;1;1;\"450\";\"\";150;200;5;3;5;0;0;4;1;1;2;0;0;\"H\""
"332633;6;1;562.426224;\"Pl\";\"\";1;2;3;4;1;1;\"450\";\"700\";600;1300;5;0;5;0;0;2;1;1;2;0;0;\"H\""
"332634;6;1;449.9409792;\"Bds\";\"\";2;0;3;4;1;1;\"450\";\"720\";600;1300;5;0;5;0;0;2;4;3;2;0;0;\"H\""
"332635;6;1;56.2426224;\"I\";\"\";1;2;4;0;3;1;\"700\";\"\";600;1300;5;0;5;0;0;4;1;1;2;0;0;\"H\""
"332636;6;1;56.2426224;\"U\";\"\";1;2;3;4;4;3;\"700\";\"\";600;1300;5;0;5;0;0;3;1;1;2;0;0;\"H\""
"332637;3;1;340.5430928;\"Pl\";\"\";1;2;3;4;1;1;\"450\";\"\";400;1100;5;0;5;0;0;2;1;1;2;0;0;\"H\""
"332638;3;1;212.839433;\"Bds\";\"\";2;0;3;4;1;1;\"450\";\"\";400;1100;5;0;5;0;0;1;4;3;2;0;0;\"H\""
"332639;3;1;212.839433;\"Po\";\"\";1;0;3;4;1;1;\"450\";\"\";400;1100;5;0;5;0;0;2;1;1;2;0;0;\"H\""
"332640;2;1;48.666248;\"Plh\";\"\";1;0;3;4;1;1;\"711\";\"\";1500;2000;5;0;5;0;0;2;1;1;2;0;0;\"M\""
"332641;2;1;38.9329984;\"Bds\";\"\";2;0;1;2;1;1;\"711\";\"\";1500;2000;5;0;5;0;0;3;4;3;2;0;0;\"M\""
"332642;2;1;4.8666248;\"I\";\"\";1;0;3;4;3;1;\"711\";\"\";1500;2000;5;0;5;0;0;4;1;1;2;0;0;\"M\""
"332643;2;1;4.8666248;\"U\";\"\";1;0;2;4;4;3;\"711\";\"\";1500;2000;5;0;5;0;0;3;1;1;2;0;0;\"M\""
"332644;22;1;4068.32970987;\"Pl\";\"\";2;1;2;3;2;3;\"711\";\"741\";-999;-999;5;11;5;0;0;2;1;1;2;0;0;\"M\""
"332645;22;1;2440.99782592;\"Bd\";\"\";2;0;2;3;2;3;\"711\";\"741\";-999;-999;5;11;5;0;0;2;1;1;2;0;0;\"M\""
"332646;22;1;1627.33188395;\"Ph\";\"\";1;0;2;3;2;3;\"711\";\"\";-999;-999;5;11;5;0;0;2;1;1;2;0;0;\"L\""
"332647;10;1;2055.4875677;\"Pl\";\"\";2;1;2;4;2;3;\"700\";\"\";700;2200;5;11;5;0;0;2;1;1;2;0;0;\"H\""
"332648;10;1;587.2821622;\"Bd\";\"\";2;0;2;3;2;1;\"700\";\"\";700;2200;5;11;5;0;0;1;1;1;2;0;0;\"H\""
"332649;10;1;146.82054055;\"Be\";\"\";2;0;2;3;1;1;\"720\";\"\";700;2200;5;11;5;0;0;2;1;1;2;0;0;\"H\""
"332650;10;1;146.82054055;\"Bc\";\"\";2;0;2;0;1;1;\"700\";\"\";700;2200;5;11;5;0;0;1;1;1;2;0;0;\"H\""
"332651;1;1;639.6876864;\"Pl\";\"\";1;0;2;4;2;1;\"700\";\"\";1000;2000;5;11;5;0;0;3;1;1;2;0;0;\"H\""
"332652;1;1;274.1518656;\"Id\";\"\";1;0;3;4;3;1;\"700\";\"\";1000;2000;5;11;5;0;0;4;1;1;2;0;0;\"H\""
"332653;7;1;2231.801746;\"Ph\";\"\";1;0;1;0;1;1;\"430\";\"420\";0;100;5;3;5;0;0;1;2;3;2;0;0;\"H\""
"332654;2;1;102.82914;\"Pg\";\"\";1;0;1;0;1;1;\"410\";\"450\";0;75;5;0;5;0;0;2;2;2;2;0;0;\"H\""
"332655;3;1;43.014686;\"Pg\";\"\";1;0;1;0;1;1;\"430\";\"420\";-999;-999;5;0;2;4;0;1;3;2;0;0;0;\"H\""
"332659;4;1;191.31747;\"Wd\";\"\";2;4;1;0;1;1;\"312\";\"231\";200;300;5;1;1;4;0;1;4;2;2;0;0;\"M\""
"332660;2;1;351.2450368;\"Wd\";\"\";2;4;1;2;1;1;\"300\";\"514\";75;150;5;1;2;4;0;1;4;2;2;0;0;\"M\""
"332661;2;1;100.3557248;\"D\";\"\";2;0;1;2;1;1;\"514\";\"\";75;150;5;1;3;4;0;1;3;2;1;0;0;\"M\""
"332662;2;1;50.1778624;\"Lo\";\"\";2;1;1;2;1;1;\"514\";\"411\";75;150;5;1;5;0;0;1;2;1;2;0;0;\"M\""
"332666;12;1;271.25736015;\"Oe\";\"\";0;0;1;0;1;1;\"910\";\"\";0;30;0;0;0;0;0;1;2;4;2;0;0;\"H\""
"332667;12;1;116.25315435;\"Gh\";\"\";4;5;1;0;1;1;\"113\";\"\";0;30;0;0;5;0;0;1;4;3;2;0;0;\"M\""
"332668;9;1;264.110636063;\"Od\";\"\";0;0;1;0;1;1;\"910\";\"\";0;0;0;0;0;0;0;1;2;4;2;0;0;\"H\""
"332669;11;1;738.673077;\"Oe\";\"\";0;0;1;0;1;1;\"910\";\"\";0;0;0;0;0;0;0;1;2;4;2;0;0;\"H\""
"332670;31;1;207.918157375;\"Od\";\"\";0;0;1;0;1;1;\"910\";\"\";200;700;0;0;0;0;0;1;2;4;2;0;0;\"H\""
"332671;13;1;541.7141005;\"Bk\";\"\";4;0;1;2;1;1;\"217\";\"230\";200;300;3;1;5;0;0;1;3;2;1;0;0;\"H\""
"332672;13;1;325.0284603;\"Bec\";\"\";4;0;1;2;1;1;\"217\";\"230\";200;300;3;1;5;0;0;1;1;1;2;0;0;\"H\""
"332673;13;1;216.6856402;\"Eo\";\"\";2;4;2;3;4;3;\"213\";\"217\";200;300;3;1;5;0;0;3;1;1;2;0;0;\"M\""
"332674;3;1;273.312486;\"Bk\";\"\";4;0;1;2;4;3;\"212\";\"\";300;500;3;1;5;0;0;3;1;1;2;0;0;\"H\""
"332675;3;1;273.312486;\"Bec\";\"\";4;0;1;0;3;1;\"212\";\"\";300;500;3;1;5;0;0;2;1;1;2;0;0;\"H\""
"332676;2;1;94.88842965;\"Po\";\"\";1;0;2;4;3;1;\"450\";\"\";600;1100;5;0;5;0;0;2;1;1;2;0;0;\"H\""
"332677;2;1;13.55548995;\"Pl\";\"\";1;2;2;4;3;1;\"450\";\"\";600;1100;5;0;5;0;0;2;1;1;2;0;0;\"H\""
"332678;2;1;13.55548995;\"Bds\";\"\";2;0;2;0;3;1;\"450\";\"\";600;1100;5;0;5;0;0;2;4;3;2;0;0;\"H\""
"332679;4;1;1244.05170129;\"Id\";\"\";1;2;3;0;3;1;\"700\";\"\";500;500;5;9;5;0;0;4;1;1;2;0;0;\"H\""
"332680;4;1;533.165014837;\"Bd\";\"\";2;0;2;3;2;1;\"700\";\"\";500;500;5;9;5;0;0;3;1;1;2;0;0;\"H\""
"332682;2;1;36.5422414;\"Ql\";\"\";1;0;1;0;3;1;\"422\";\"\";0;0;5;3;5;0;0;1;2;1;1;0;0;\"H\""
"332683;1;1;299.276928;\"Bd\";\"\";2;0;2;0;1;1;\"312\";\"411\";0;0;5;1;3;4;0;1;1;1;2;0;0;\"M\""
"332684;2;1;398.011208;\"Bd\";\"\";2;0;2;3;1;1;\"312\";\"411\";0;0;5;1;3;4;0;1;1;1;2;0;0;\"M\""
"332686;2;1;15.6609606;\"Qc\";\"\";1;0;1;0;3;1;\"422\";\"\";0;0;5;3;5;0;0;1;2;1;2;0;0;\"H\""
"332687;1;1;33.252992;\"Dg\";\"\";2;0;1;0;1;1;\"514\";\"411\";0;0;5;1;3;4;0;1;3;2;2;0;0;\"M\""
"332688;2;1;142.14686;\"Dg\";\"\";2;0;1;0;1;1;\"514\";\"411\";0;0;5;1;3;4;0;1;3;2;1;0;0;\"M\""
"332689;2;1;28.429372;\"I\";\"\";1;0;2;0;3;1;\"454\";\"\";0;0;5;1;5;0;0;4;1;1;2;0;0;\"M\""
"332696;10;1;114.86272955;\"I\";\"\";1;0;3;0;1;1;\"711\";\"740\";0;450;5;1;5;0;0;4;1;1;2;0;0;\"M\""
"332697;10;1;68.91763773;\"Lg\";\"\";2;0;1;0;1;1;\"500\";\"740\";0;450;5;1;5;0;0;1;3;2;2;0;0;\"M\""
"332698;10;1;45.94509182;\"Dg\";\"\";2;0;1;0;1;1;\"500\";\"740\";0;450;5;1;5;0;0;1;3;2;2;0;0;\"M\""
"332699;2;1;6.777744975;\"I\";\"\";1;0;4;0;3;1;\"450\";\"\";600;1100;5;0;5;0;0;4;1;1;2;0;0;\"H\""
"332700;2;1;6.777744975;\"U\";\"\";1;0;3;4;4;3;\"450\";\"\";600;1100;5;0;5;0;0;4;1;1;2;0;0;\"H\""
"332701;16;1;30.068663875;\"I\";\"\";1;0;4;0;3;1;\"450\";\"\";300;450;5;0;5;0;0;4;1;1;2;0;0;\"M\""
"332702;16;1;30.068663875;\"U\";\"\";1;0;3;4;4;3;\"450\";\"\";300;450;5;0;5;0;0;4;1;1;2;0;0;\"M\""
"332703;3;1;42.5678866;\"I\";\"\";1;0;4;0;3;1;\"450\";\"\";400;1100;5;0;5;0;0;4;1;1;2;0;0;\"H\""
"332704;3;1;42.5678866;\"U\";\"\";1;0;3;4;4;3;\"450\";\"\";400;1100;5;0;5;0;0;4;1;1;2;0;0;\"H\""
"332705;7;1;21.1600194;\"Lg\";\"\";2;0;1;0;1;1;\"510\";\"\";300;300;3;1;2;4;0;1;3;2;1;0;0;\"M\""
"332706;94;1;918.007046931;\"Be\";\"\";2;4;2;0;1;1;\"212\";\"\";0;600;3;5;5;0;0;1;1;1;2;0;0;\"M\""
"332708;12;1;37.9523550688;\"Bk\";\"\";4;0;2;3;1;1;\"312\";\"\";0;150;3;1;5;0;0;3;1;1;2;0;0;\"M\""
"332709;55;1;680.715004225;\"Beg\";\"\";3;0;1;0;1;1;\"740\";\"\";0;150;3;1;5;0;0;1;3;2;1;0;0;\"M\""
"332710;49;1;409.19168505;\"U\";\"\";2;0;2;0;1;1;\"740\";\"\";0;450;3;1;5;0;0;3;1;1;2;0;0;\"M\""
"332711;54;1;462.44633925;\"U\";\"\";2;0;2;3;1;1;\"711\";\"\";0;450;5;1;5;0;0;4;1;1;2;0;0;\"M\""
"332713;14;1;103.5667205;\"Be\";\"\";3;4;2;0;1;1;\"741\";\"\";150;300;1;3;5;0;0;2;1;1;2;0;0;\"M\""
"332714;93;1;270.82587918;\"E\";\"\";2;3;3;0;1;1;\"213\";\"\";50;250;3;5;5;0;0;4;1;1;2;0;0;\"H\""
"332715;25;1;314.48516465;\"Je\";\"\";3;2;1;0;1;1;\"110\";\"\";50;150;3;5;5;0;0;1;2;1;2;0;0;\"H\""
"332716;13;1;41.6728041;\"Bec\";\"\";2;4;2;0;1;1;\"312\";\"220\";150;300;5;3;5;0;0;1;1;1;2;0;0;\"L\""
"332719;11;1;89.3955449;\"I\";\"\";3;0;3;4;1;1;\"212\";\"\";300;600;5;1;5;0;0;4;1;1;2;0;0;\"\""
"332720;6;1;806.0297917;\"Lg\";\"\";2;0;1;0;1;1;\"520\";\"\";150;250;3;1;2;4;0;1;3;2;1;0;0;\"M\""
"332721;6;1;345.4413393;\"Bk\";\"\";2;0;2;0;1;1;\"232\";\"\";150;250;3;1;1;4;0;1;1;1;2;0;0;\"M\""
"332722;9;1;1058.1086208;\"Lg\";\"\";2;0;1;0;1;1;\"100\";\"\";-999;-999;3;1;5;0;0;1;3;2;1;0;0;\"L\""
"332723;9;1;264.5271552;\"Bg\";\"\";2;0;2;0;3;1;\"100\";\"\";-999;-999;3;1;5;0;0;1;4;2;1;0;0;\"L\""
"332724;4;1;265.974472;\"Lg\";\"\";2;3;1;2;0;0;\"522\";\"411\";100;200;3;5;1;4;0;1;3;2;1;0;0;\"M\""
"332725;4;1;159.5846832;\"Beg\";\"\";2;4;1;2;0;0;\"212\";\"231\";100;200;3;5;1;4;0;2;3;2;1;0;0;\"M\""
"332726;4;1;106.3897888;\"Dg\";\"\";2;0;1;2;0;0;\"522\";\"411\";100;200;3;5;1;4;0;1;3;2;1;0;0;\"M\""
"332727;3;1;653.949016;\"Eo\";\"\";2;3;3;4;4;3;\"220\";\"212\";1000;1500;5;1;5;0;0;4;1;1;2;0;0;\"L\""
"332728;3;1;392.3694096;\"Be\";\"\";3;4;2;3;3;1;\"212\";\"\";1000;1500;5;1;5;0;0;2;1;1;2;0;0;\"L\""
"332729;3;1;261.5796064;\"Lo\";\"\";3;0;2;0;0;0;\"212\";\"\";1000;1500;5;1;5;0;0;1;1;1;2;0;0;\"L\""
"332730;4;1;151.269596;\"Lg\";\"\";2;0;1;0;0;0;\"453\";\"313\";100;200;3;1;2;4;0;2;3;2;2;0;0;\"M\""
"332731;4;1;60.5078384;\"Bg\";\"\";2;0;1;2;0;0;\"313\";\"\";100;200;3;1;2;4;0;1;4;2;2;0;0;\"M\""
"332732;4;1;45.3808788;\"Dg\";\"\";2;0;1;0;0;0;\"453\";\"454\";100;200;3;1;3;4;0;2;3;2;2;0;0;\"M\""
"332733;4;1;45.3808788;\"G\";\"\";2;0;1;0;4;3;\"453\";\"\";100;200;3;1;5;0;0;4;4;3;1;0;0;\"M\""
"332734;6;1;415.3720175;\"D\";\"\";3;0;1;2;3;1;\"500\";\"\";150;200;3;1;5;0;0;1;3;2;2;0;0;\"M\""
"332735;6;1;249.2232105;\"Bd\";\"\";3;4;2;3;3;1;\"111\";\"\";150;200;3;1;2;5;0;1;1;1;2;0;0;\"M\""
"332736;6;1;166.148807;\"Lg\";\"\";3;0;1;2;3;1;\"500\";\"\";150;200;3;1;5;0;0;1;3;2;2;0;0;\"M\""
"332742;1;1;196.7282016;\"Bd\";\"\";1;2;3;4;4;3;\"730\";\"740\";0;600;5;1;5;0;0;4;1;1;1;0;0;\"L\""
"332743;1;1;56.2080576;\"Pl\";\"\";1;0;3;4;1;3;\"711\";\"730\";0;600;5;1;5;0;0;3;1;1;2;0;0;\"L\""
"332744;1;1;14.0520144;\"I\";\"\";1;2;3;4;3;1;\"730\";\"740\";0;600;5;1;5;0;0;4;1;1;2;0;0;\"L\""
"332745;1;1;14.0520144;\"U\";\"\";1;2;3;4;4;3;\"730\";\"740\";0;600;5;1;5;0;0;4;1;1;2;0;0;\"L\""
"332746;3;1;213.9352656;\"Bd\";\"\";2;0;2;3;3;1;\"700\";\"740\";200;500;5;1;5;0;0;2;1;1;2;0;0;\"L\""
"332747;3;1;91.6865424;\"Id\";\"\";2;0;3;0;3;1;\"700\";\"\";200;500;5;1;5;0;0;4;1;1;2;0;0;\"L\""
"332748;14;1;4426.85325197;\"Lo\";\"\";3;2;1;0;1;1;\"520\";\"\";0;200;3;5;5;0;0;1;1;1;2;0;0;\"H\""
"332749;14;1;1264.81521485;\"Be\";\"\";4;5;2;3;3;1;\"331\";\"\";0;200;3;5;2;5;0;1;1;1;2;0;0;\"H\""
"332750;14;1;632.407607425;\"Eo\";\"\";3;4;3;0;4;3;\"220\";\"\";0;200;3;5;5;0;0;1;1;1;2;0;0;\"H\""
"332751;5;1;279.268605;\"Lc\";\"\";2;0;1;0;1;1;\"112\";\"\";75;300;3;1;5;0;0;1;1;1;2;0;0;\"L\""
"332752;5;1;15.5149225;\"Rc\";\"\";2;0;0;0;1;1;\"112\";\"\";75;300;3;1;5;0;0;1;1;1;2;0;0;\"L\""
"332753;5;1;15.5149225;\"Bk\";\"\";2;0;0;0;1;1;\"112\";\"\";75;300;3;1;5;0;0;1;1;1;2;0;0;\"L\""
"332754;15;1;4062.5722135;\"D\";\"\";3;0;1;2;1;1;\"520\";\"\";100;250;3;1;5;0;0;1;3;2;1;0;0;\"H\""
"332755;15;1;1625.0288854;\"Lo\";\"\";3;0;1;2;1;1;\"520\";\"\";100;250;3;1;5;0;0;1;2;1;1;0;0;\"M\""
"332756;15;1;1218.77166405;\"Lg\";\"\";3;0;1;2;1;1;\"520\";\"\";100;250;3;1;5;0;0;1;3;2;1;0;0;\"H\""
"332757;15;1;1218.77166405;\"Be\";\"\";4;5;2;3;3;1;\"331\";\"\";100;250;3;1;5;0;0;1;1;1;2;0;0;\"H\""
"332758;20;1;3250.1096712;\"Lg\";\"\";2;3;1;0;1;1;\"511\";\"\";50;350;1;3;3;4;0;1;3;2;1;0;0;\"L\""
"332759;20;1;361.1232968;\"Lo\";\"\";2;3;1;2;1;1;\"511\";\"\";50;350;1;3;5;0;0;1;2;1;2;0;0;\"L\""
"332760;14;1;1994.5646182;\"Eo\";\"\";2;3;1;3;3;1;\"210\";\"220\";0;300;3;5;5;0;0;3;1;1;2;0;0;\"H\""
"332761;14;1;854.8134078;\"Bk\";\"\";2;3;2;3;3;1;\"210\";\"220\";0;300;3;5;5;0;0;2;1;1;2;0;0;\"H\""
"332762;4;1;192.0499875;\"g\";\"\";9;9;3;4;1;1;\"\";\"\";3000;4800;0;0;5;9;9;4;4;4;2;0;0;\"H\""
"332763;4;1;76.819995;\"I\";\"\";1;0;4;0;3;2;\"700\";\"200\";2000;4800;19;5;5;1;1;4;1;3;2;0;0;\"M\""
"332764;4;1;76.819995;\"U\";\"\";1;0;3;4;3;2;\"700\";\"200\";2000;4800;19;5;5;1;1;3;1;3;2;0;0;\"M\""
"332765;4;1;38.4099975;\"r\";\"\";9;9;3;4;3;2;\"700\";\"200\";2000;4800;19;5;5;9;9;4;1;0;2;0;0;\"M\""
"332766;1;1;36.4601504;\"I\";\"\";1;0;4;0;3;2;\"700\";\"200\";2000;4800;19;5;5;1;1;4;1;3;2;0;0;\"M\""
"332767;1;1;36.4601504;\"U\";\"\";1;0;3;4;3;2;\"700\";\"200\";2000;4800;19;5;5;1;1;3;1;3;2;0;0;\"M\""
"332768;1;1;18.2300752;\"r\";\"\";9;9;3;4;3;2;\"700\";\"200\";2000;4800;19;5;5;9;9;4;1;0;2;0;0;\"M\""
"332769;3;1;68.4031138875;\"Beg\";\"\";4;2;1;2;1;1;\"312\";\"231\";250;450;3;1;2;5;4;1;3;2;1;0;0;\"H\""
"332770;3;1;38.0017299375;\"Lg\";\"\";2;3;1;0;1;1;\"510\";\"\";250;450;3;1;3;4;0;1;3;2;1;0;0;\"H\""
"332771;3;1;22.8010379625;\"Bec\";\"\";4;0;1;2;1;1;\"330\";\"231\";250;450;3;1;5;0;0;1;1;1;1;0;0;\"H\""
"332772;3;1;22.8010379625;\"Be\";\"\";4;0;1;2;1;1;\"330\";\"231\";250;450;3;1;5;0;0;1;1;1;1;0;0;\"H\""
"332778;2;1;65.5875;\"Lo\";\"\";3;2;1;2;1;1;\"520\";\"\";50;150;3;5;5;0;0;1;1;1;2;0;0;\"H\""
"332779;2;1;21.8625;\"Bec\";\"\";3;4;2;3;4;3;\"220\";\"\";50;150;3;5;5;0;0;1;1;1;2;0;0;\"H\""
"332780;2;1;16.396875;\"Be\";\"\";4;5;2;3;3;1;\"330\";\"\";50;150;3;5;2;5;0;1;1;1;2;0;0;\"H\""
"332781;2;1;5.465625;\"Je\";\"\";3;2;1;0;1;1;\"110\";\"\";50;150;3;5;5;0;0;1;2;1;2;0;0;\"H\""
"332782;2;1;186.66198;\"Lo\";\"\";3;0;2;0;1;1;\"520\";\"740\";150;250;1;5;5;0;0;1;2;1;1;0;0;\"M\""
"332783;2;1;145.18154;\"Bd\";\"\";2;0;2;0;1;1;\"510\";\"\";150;250;1;5;5;0;0;1;2;1;2;0;0;\"M\""
"332784;2;1;62.22066;\"Be\";\"\";2;0;2;0;1;1;\"510\";\"\";150;250;1;5;5;0;0;1;2;1;2;0;0;\"M\""
"332785;3;1;548.147928281;\"Bd\";\"\";2;3;2;0;2;1;\"710\";\"740\";0;450;5;1;5;3;0;1;2;1;2;0;0;\"L\""
"332786;3;1;64.4879915625;\"Pl\";\"\";2;2;1;0;2;1;\"510\";\"\";0;450;5;1;3;4;0;1;1;1;2;0;0;\"L\""
"332787;3;1;32.2439957813;\"I\";\"\";2;0;3;0;1;1;\"710\";\"740\";0;450;5;1;5;1;0;4;1;1;2;0;0;\"L\""
"340180;1;1;1.4192577;\"U\";\"LPu\";2;1;3;4;2;4;\"743\";\"450\";200;3000;4;5;5;2;1;4;1;2;2;0;0;\"\""
"340182;1;1;13.5634912;\"Lo\";\"LVh\";2;0;3;4;1;1;\"743\";\"451\";50;2000;5;1;5;2;0;1;1;1;2;0;0;\"\""
"340653;3;1;14.0654265;\"Je\";\"FLe\";2;0;1;0;1;2;\"110\";\"\";0;1000;3;12;5;2;3;1;1;2;1;2;7;\"M\""
"340675;3;1;2.34423775;\"Jeg\";\"FLe\";2;3;1;0;1;2;\"110\";\"\";0;1000;3;1;5;2;4;1;3;3;1;1;0;\"M\""
"340740;1;1;4.730859;\"Bh\";\"RGu\";2;1;3;4;4;2;\"743\";\"450\";200;3000;5;1;5;2;1;4;1;2;2;0;0;\"\""
"340741;1;1;1.8923436;\"Bd\";\"CMd\";2;1;3;4;4;2;\"743\";\"450\";200;3000;5;1;5;2;1;4;1;2;2;0;0;\"\""
"340742;1;1;1.4192577;\"Id\";\"LPq\";2;1;4;3;2;4;\"743\";\"450\";200;3000;5;4;5;2;1;0;1;1;2;0;0;\"\""
"340749;1;1;5.483481;\"Bk\";\"CLh\";3;0;3;4;1;4;\"230\";\"\";0;2000;5;1;5;3;0;4;1;1;2;0;0;\"\""
"340750;1;1;10.966962;\"E\";\"LPm\";3;2;3;4;4;1;\"210\";\"\";0;2000;5;1;5;3;0;4;1;1;2;0;0;\"\""
"340751;1;1;4.3867848;\"Ic\";\"LPq\";3;0;4;3;4;1;\"210\";\"\";0;2000;1;4;5;0;0;0;1;1;2;0;0;\"\""
"340752;1;1;1.0966962;\"Lc\";\"LVx\";3;0;3;4;4;1;\"230\";\"210\";0;2000;5;1;5;3;0;4;1;1;2;0;0;\"\""
"340753;1;1;40.6904736;\"Be\";\"CMe\";2;0;3;4;1;1;\"743\";\"451\";50;2000;5;1;5;2;0;1;1;1;2;0;0;\"\""
"340754;1;1;3.3908728;\"Hc\";\"PHc\";2;0;3;4;1;1;\"743\";\"451\";50;2000;5;1;5;2;0;1;1;1;2;0;0;\"\""
"340755;1;1;10.1726184;\"E\";\"LPm\";2;0;3;4;4;1;\"210\";\"451\";50;2000;5;1;5;2;0;2;1;1;2;0;0;\"\""
"342155;3;1;4.6884755;\"Bk\";\"CLh\";2;0;1;0;1;1;\"110\";\"\";-999;-999;3;12;5;2;2;1;1;1;1;2;7;\"M\""
"342156;3;1;2.34423775;\"Jc\";\"FLc\";2;3;1;0;1;2;\"110\";\"\";-999;-999;3;12;5;2;3;1;1;2;1;2;7;\"M\""
"342178;1;1;3.7883004;\"Rd\";\"RGd\";2;1;3;4;4;1;\"740\";\"711\";-999;-999;5;1;5;2;1;3;1;1;2;0;0;\"\""
"342179;1;1;1.2627668;\"Bd\";\"CMd\";2;1;2;3;4;1;\"740\";\"711\";-999;-999;5;0;5;2;1;3;1;1;2;0;0;\"\""
"342180;1;1;1.2627668;\"Id\";\"LPq\";2;1;4;3;4;1;\"740\";\"711\";-999;-999;5;1;5;0;0;0;1;1;2;0;0;\"\""
"342193;3;1;484.149632;\"Bh\";\"RGu\";2;1;3;4;4;2;\"740\";\"450\";200;3000;5;1;5;2;1;4;1;2;2;0;0;\"M\""
"342194;3;1;193.6598528;\"Bd\";\"CMd\";2;1;3;4;4;2;\"740\";\"450\";200;3000;5;1;5;2;1;4;1;2;2;0;0;\"M\""
"342195;3;1;145.2448896;\"U\";\"LPu\";2;1;3;4;2;4;\"740\";\"450\";200;3000;4;5;5;2;1;4;1;2;2;0;0;\"M\""
"342196;3;1;145.2448896;\"Id\";\"LPq\";2;1;4;3;2;4;\"740\";\"450\";200;3000;5;4;5;2;1;0;1;1;2;0;0;\"M\""
"342197;9;1;793.3422399;\"U\";\"LPu\";2;1;3;4;4;1;\"710\";\"743\";0;3000;5;1;5;0;0;4;1;2;2;0;0;\"M\""
"342198;9;1;264.4474133;\"Bh\";\"CMu\";2;1;3;4;4;1;\"710\";\"743\";0;3000;5;1;5;2;0;4;1;2;2;0;0;\"M\""
"342199;9;1;198.335559975;\"Id\";\"LPq\";1;2;4;3;4;3;\"710\";\"743\";0;3000;5;10;5;0;0;0;1;1;2;0;0;\"M\""
"342200;9;1;66.111853325;\"Bd\";\"CMd\";2;1;3;4;4;1;\"710\";\"743\";0;3000;5;1;5;2;0;4;1;1;2;0;0;\"M\""
"342201;1;1;75.4444944;\"Id\";\"LPq\";1;2;4;3;4;3;\"711\";\"450\";500;3500;4;5;0;0;0;0;1;1;2;0;0;\"M\""
"342202;1;1;8.3827216;\"U\";\"LPu\";1;2;4;3;4;3;\"711\";\"450\";500;3500;4;5;0;0;0;4;1;1;2;0;0;\"M\""
"390874;2;1;0.44717150625;\"Bd\";\"\";2;0;3;0;4;1;\"730\";\"800\";800;2600;1;5;5;0;0;1;1;1;2;0;0;\"V\""
"390878;2;1;3.57737205;\"Id\";\"\";2;0;3;0;4;1;\"730\";\"800\";800;2600;1;5;5;0;0;3;1;1;2;0;0;\"V\""
"390879;2;1;3.13020054375;\"U\";\"\";2;0;3;0;4;1;\"730\";\"800\";800;2600;1;5;5;0;0;3;1;1;2;0;0;\"V\""
"390880;2;1;1.34151451875;\"L\";\"\";2;0;3;0;4;1;\"730\";\"800\";800;2600;1;5;5;0;0;1;1;1;2;0;0;\"V\""
"390881;2;1;0.44717150625;\"Bh\";\"\";2;0;3;0;4;1;\"730\";\"800\";800;2600;1;5;5;0;0;1;1;2;2;0;0;\"V\""
"390882;8;1;45.6728552625;\"Id\";\"\";2;0;2;0;3;1;\"800\";\"730\";0;2600;1;0;5;0;0;3;3;2;2;0;0;\"V\""
"390883;8;1;30.448570175;\"Ie\";\"\";2;0;2;0;3;1;\"800\";\"730\";0;2600;1;0;5;0;0;3;3;2;2;0;0;\"V\""
"390884;8;1;30.448570175;\"Ic\";\"\";2;0;2;0;3;1;\"800\";\"730\";0;2600;1;0;5;0;0;3;3;2;2;0;0;\"V\""
"390885;8;1;30.448570175;\"r\";\"\";2;0;2;0;3;1;\"800\";\"730\";0;2600;1;0;0;0;0;0;0;0;0;0;0;\"V\""
"390886;8;1;7.61214254375;\"U\";\"\";2;0;2;0;3;1;\"800\";\"730\";0;2600;1;0;5;0;0;3;3;2;2;0;0;\"V\""
"390887;8;1;7.61214254375;\"E\";\"\";2;0;2;0;3;1;\"800\";\"730\";0;2600;1;0;5;0;0;3;3;2;2;0;0;\"V\""
"390888;5;1;19.9264603125;\"E\";\"\";2;0;4;0;4;1;\"200\";\"250\";500;2500;1;0;5;0;0;3;1;1;2;0;0;\"V\""
"390889;5;1;11.9558761875;\"Ic\";\"\";3;0;4;0;4;1;\"200\";\"250\";500;2500;1;0;5;0;0;3;1;1;2;0;0;\"V\""
"390890;5;1;3.9852920625;\"Be\";\"\";2;0;4;0;4;1;\"200\";\"250\";500;2500;1;0;5;0;0;1;1;1;2;0;0;\"V\""
"390891;5;1;3.9852920625;\"Bec\";\"\";2;0;4;0;4;1;\"200\";\"250\";500;2500;1;0;5;0;0;1;1;1;2;0;0;\"V\""
"390905;2;1;61.2405576;\"Be\";\"\";2;0;3;0;4;1;\"200\";\"250\";50;1600;5;3;5;0;0;1;1;2;2;0;0;\"V\""
"390906;2;1;40.8270384;\"Lo\";\"\";3;0;3;0;4;1;\"200\";\"250\";50;1600;5;3;2;2;3;1;1;2;1;1;0;\"V\""
"390907;2;1;34.022532;\"E\";\"\";2;0;3;0;4;1;\"200\";\"250\";50;1600;5;3;5;0;0;3;3;1;2;0;0;\"V\""
"390948;1;1;1.463997875;\"Bd\";\"\";1;0;3;0;3;1;\"730\";\"450\";700;1500;5;1;5;0;0;1;1;1;2;0;0;\"V\""
"390949;1;1;1.0247985125;\"Pl\";\"\";1;0;3;0;3;1;\"730\";\"450\";700;1500;5;1;5;0;0;4;3;1;2;0;0;\"V\""
"390950;1;1;0.23423966;\"U\";\"\";1;0;3;0;3;1;\"730\";\"450\";700;1500;5;1;5;0;0;1;2;1;2;0;0;\"V\""
"390951;1;1;0.2049597025;\"Lo\";\"\";1;0;3;0;3;1;\"730\";\"450\";700;1500;5;1;5;0;0;1;1;2;2;0;0;\"V\""
"390995;2;1;5.20821925;\"Pl\";\"\";1;0;4;0;4;1;\"730\";\"800\";900;2200;5;0;5;0;0;4;3;1;2;0;0;\"V\""
"390996;2;1;3.9061644375;\"Po\";\"\";1;0;4;0;4;1;\"730\";\"800\";900;2200;5;0;2;1;2;1;1;2;2;0;0;\"V\""
"390997;2;1;2.604109625;\"Bd\";\"\";1;0;4;0;4;1;\"730\";\"800\";900;2200;5;0;5;0;0;1;1;2;2;0;0;\"V\""
"390998;2;1;1.3020548125;\"Id\";\"\";1;0;4;0;4;1;\"730\";\"800\";900;2200;5;0;5;0;0;3;3;1;2;0;0;\"V\""
"391001;1;1;585.2803072;\"Id\";\"\";2;0;0;0;0;0;\"730\";\"800\";800;2600;1;5;5;0;0;3;1;1;2;0;0;\"M\""
"391002;1;1;585.2803072;\"U\";\"\";2;0;0;0;0;0;\"730\";\"800\";800;2600;1;5;5;0;0;3;1;1;2;0;0;\"M\""
"391003;1;1;146.3200768;\"Bd\";\"\";2;0;0;0;0;0;\"730\";\"800\";800;2600;1;5;5;0;0;1;1;1;2;0;0;\"M\""
"391004;1;1;73.1600384;\"Bh\";\"\";2;0;0;0;0;0;\"730\";\"800\";800;2600;1;5;5;0;0;1;1;2;2;0;0;\"M\""
"391005;1;1;73.1600384;\"L\";\"\";2;0;0;0;0;0;\"730\";\"800\";800;2600;1;5;5;0;0;1;1;1;2;0;0;\"M\""
"391006;1;1;1819.2297984;\"Bk\";\"\";3;0;0;0;0;0;\"210\";\"\";300;1000;8;0;5;0;0;1;1;1;2;0;0;\"L\""
"391007;1;1;606.4099328;\"Be\";\"\";3;0;0;0;0;0;\"210\";\"\";300;1000;8;0;5;0;0;1;1;1;2;0;0;\"L\""
"391008;1;1;303.2049664;\"Ic\";\"\";2;0;0;0;0;0;\"210\";\"\";300;1000;8;0;5;0;0;3;1;1;2;0;0;\"L\""
"391009;1;1;303.2049664;\"Lc\";\"\";3;0;0;0;0;0;\"210\";\"\";300;1000;8;0;5;0;0;1;1;1;2;0;0;\"L\""
"391010;1;1;2364.598784;\"E\";\"\";2;0;0;0;0;0;\"200\";\"250\";500;2500;1;0;5;0;0;3;1;1;2;0;0;\"M\""
"391011;1;1;945.8395136;\"Ic\";\"\";0;0;0;0;0;0;\"200\";\"250\";500;2500;1;0;5;0;0;3;1;1;2;0;0;\"M\""
"391012;1;1;472.9197568;\"Be\";\"\";3;0;0;0;0;0;\"200\";\"250\";500;2500;1;0;5;0;0;1;1;1;2;0;0;\"M\""
"391013;1;1;472.9197568;\"Bec\";\"\";3;0;0;0;0;0;\"200\";\"250\";500;2500;1;0;5;0;0;1;1;1;2;0;0;\"M\""
"391014;1;1;472.9197568;\"Bkh\";\"\";3;0;0;0;0;0;\"200\";\"250\";500;2500;1;0;5;0;0;1;1;1;2;0;0;\"M\""
"391015;3;1;566.985010069;\"U\";\"\";1;0;0;0;0;0;\"700\";\"\";1000;4000;1;5;5;0;0;3;1;1;2;0;0;\"M\""
"391016;3;1;130.842694631;\"Bd\";\"\";2;0;0;0;0;0;\"700\";\"\";1000;4000;1;5;5;0;0;1;1;1;2;0;0;\"M\""
"391017;3;1;87.2284630875;\"I\";\"\";1;0;0;0;0;0;\"700\";\"\";1000;4000;1;5;5;0;0;3;1;1;2;0;0;\"M\""
"391018;3;1;87.2284630875;\"L\";\"\";2;0;0;0;0;0;\"700\";\"\";1000;4000;1;5;5;0;0;1;1;1;2;0;0;\"M\""
"490043;1;1;6.038684;\"Bd\";\"\";1;2;1;2;1;2;\"112\";\"430\";20;400;5;3;5;1;2;1;1;1;2;0;0;\"M\""
"490044;1;1;2.4154736;\"Bds\";\"\";1;2;1;2;1;2;\"112\";\"430\";20;400;5;3;5;1;2;1;1;2;2;0;0;\"M\""
"490045;1;1;2.4154736;\"Ql\";\"\";1;2;1;2;1;2;\"112\";\"430\";20;400;5;3;5;1;2;1;1;1;2;0;0;\"M\""
"490046;1;1;1.2077368;\"Gd\";\"\";1;2;1;2;1;2;\"112\";\"430\";20;400;5;3;5;1;2;1;1;3;2;0;0;\"M\""
"490157;1;1;2.4892194;\"Be\";\"\";2;1;2;0;3;1;\"230\";\"451\";60;1500;3;5;5;2;1;1;1;1;2;0;0;\"M\""
"490158;1;1;0.4148699;\"Bgv\";\"\";4;3;2;0;3;1;\"230\";\"451\";60;1500;3;5;3;3;4;1;3;2;1;1;3;\"M\""
"490159;1;1;0.4148699;\"Eo\";\"\";3;2;3;0;4;3;\"217\";\"230\";60;1500;5;3;2;4;2;3;1;1;2;0;0;\"M\""
"490160;1;1;0.4148699;\"Lo\";\"\";2;3;2;0;3;1;\"230\";\"451\";60;1500;3;5;3;3;2;1;1;1;2;0;0;\"M\""
"490161;1;1;0.4148699;\"Ge\";\"\";2;3;2;0;3;1;\"230\";\"451\";60;1500;3;5;3;3;2;1;1;3;1;1;2;\"M\""
"490230;1;1;7.6386924;\"Ge\";\"\";1;0;1;0;21;1;\"322\";\"131\";15;25;1;5;1;2;3;3;4;3;1;1;3;\"M\""
"490231;1;1;5.0924616;\"Lgs\";\"\";1;0;1;0;21;1;\"322\";\"131\";15;25;1;5;1;2;3;3;4;2;1;1;3;\"M\""
"490244;1;1;2.3307858;\"Lo\";\"\";3;0;1;2;1;1;\"521\";\"\";60;200;3;1;0;0;0;1;1;1;2;0;0;\"M\""
"490245;1;1;0.58269645;\"Je\";\"\";3;0;2;1;1;21;\"521\";\"\";40;100;3;1;0;0;0;1;1;2;1;1;3;\"M\""
"490270;2;1;209.1559568;\"Bd\";\"\";2;1;2;3;3;1;\"450\";\"522\";100;500;5;1;5;2;3;1;1;1;2;0;0;\"M\""
"490271;2;1;59.7588448;\"Bgg\";\"\";2;1;2;3;3;1;\"450\";\"522\";100;500;5;1;5;2;3;2;3;2;1;1;3;\"M\""
"490272;2;1;29.8794224;\"Pl\";\"\";1;2;2;3;3;1;\"450\";\"522\";100;500;5;1;4;2;1;1;2;1;2;0;0;\"M\""
"490273;3;1;33.3459224;\"Bc\";\"\";3;4;3;4;3;1;\"330\";\"210\";300;500;3;5;5;3;0;1;1;1;2;0;0;\"M\""
"490274;3;1;23.818516;\"Eo\";\"\";3;4;3;4;4;3;\"210\";\"250\";300;500;5;3;2;4;0;4;1;1;2;0;0;\"M\""
"490275;3;1;19.0548128;\"Ec\";\"\";3;4;3;4;4;3;\"210\";\"250\";300;500;5;3;2;4;0;4;1;1;2;0;0;\"M\""
"490276;3;1;14.2911096;\"Lc\";\"\";4;3;3;4;3;1;\"520\";\"330\";300;500;3;5;4;3;0;1;3;1;2;0;0;\"M\""
"490277;3;1;4.7637032;\"I\";\"\";3;4;2;3;4;1;\"210\";\"250\";300;500;5;3;1;2;3;4;1;1;2;0;0;\"M\""
"490278;1;1;17.678927;\"Bvc\";\"\";4;3;2;3;4;1;\"330\";\"230\";150;350;3;1;5;4;3;1;1;1;2;0;0;\"M\""
"490279;1;1;6.3139025;\"Lgs\";\"\";4;3;2;3;3;1;\"330\";\"230\";150;350;3;1;5;4;3;1;2;2;1;1;3;\"M\""
"490280;1;1;1.2627805;\"I\";\"\";4;3;2;3;4;1;\"230\";\"210\";150;350;5;1;1;2;3;4;1;1;2;0;0;\"M\""
"490281;3;1;459.4132606;\"Jeg\";\"\";2;4;1;0;1;1;\"110\";\"\";135;600;1;5;5;2;0;1;1;2;2;0;0;\"M\""
"490282;3;1;131.2609316;\"Je\";\"\";2;4;1;0;1;1;\"110\";\"\";135;600;1;5;5;2;0;1;1;2;2;0;0;\"M\""
"490283;3;1;32.8152329;\"O\";\"\";0;0;1;0;1;1;\"910\";\"110\";135;600;1;5;5;0;0;1;1;3;2;0;0;\"M\""
"490284;3;1;32.8152329;\"Be\";\"\";2;4;1;0;1;1;\"110\";\"\";135;600;1;5;4;1;0;1;1;1;2;0;0;\"M\""
"490286;2;1;580.7742976;\"Bgv\";\"\";4;0;2;0;3;1;\"230\";\"\";60;1500;3;5;3;2;1;1;1;2;2;0;0;\"M\""
"490287;2;1;435.5807232;\"Be\";\"\";4;0;2;0;3;1;\"230\";\"\";60;1500;3;5;3;3;4;1;3;2;2;0;0;\"M\""
"490288;2;1;145.1935744;\"Lg\";\"\";2;0;3;0;4;3;\"510\";\"\";60;1500;5;3;2;3;2;3;1;2;2;0;0;\"M\""
"490289;2;1;145.1935744;\"Ge\";\"\";2;0;2;0;3;1;\"230\";\"\";60;1500;3;5;3;3;2;1;1;3;1;1;2;\"M\""
"490290;2;1;145.1935744;\"Eo\";\"\";3;0;2;0;3;1;\"217\";\"\";60;1500;5;3;2;4;2;3;1;1;2;0;0;\"M\""
"490291;2;1;111.1084968;\"Jc\";\"\";2;3;1;2;2;1;\"110\";\"112\";70;600;3;5;5;2;3;1;0;2;2;0;0;\"M\""
"490292;2;1;23.8089636;\"Bc\";\"\";2;3;1;2;2;1;\"110\";\"112\";70;600;3;5;5;2;3;1;0;1;2;0;0;\"M\""
"490293;2;1;15.8726424;\"Lo\";\"\";2;3;1;2;2;1;\"110\";\"112\";70;600;3;5;5;2;3;1;0;2;2;0;0;\"M\""
"490294;2;1;7.9363212;\"G\";\"\";2;3;1;2;2;1;\"110\";\"112\";70;600;3;5;5;2;3;1;0;3;1;1;2;\"M\""
"3521426;1;1;0.7887929;\"Jeg\";\"\";2;4;1;0;1;1;\"110\";\"\";135;600;1;5;5;0;0;1;1;2;2;0;0;\"M\""
"3521427;1;1;0.2253694;\"Je\";\"\";2;4;1;0;0;0;\"110\";\"\";135;600;1;5;5;0;0;1;1;2;2;0;0;\"M\""
"3521428;1;1;0.05634235;\"O\";\"\";9;9;1;0;0;0;\"910\";\"110\";135;600;1;5;5;9;9;1;1;2;2;0;0;\"H\""
"3521429;1;1;0.05634235;\"B\";\"\";0;0;1;0;0;0;\"110\";\"\";135;600;1;5;5;0;0;1;1;2;2;0;0;\"M\""
"3521449;1;1;14.2339064;\"Bvc\";\"\";4;3;2;3;4;1;\"330\";\"230\";150;350;3;1;5;4;3;1;1;1;2;0;0;\"H\""
"3521450;1;1;5.083538;\"Lgs\";\"\";4;3;2;3;0;0;\"330\";\"230\";150;350;3;1;5;4;3;1;1;1;2;0;0;\"H\""
"3521451;1;1;1.0167076;\"I\";\"\";4;3;2;3;0;0;\"230\";\"210\";150;350;3;1;5;4;3;2;1;1;2;0;0;\"M\""
